       3000.0000   1.3688319e-19
       3010.0000   1.4450977e-19
       3020.0000   1.5249812e-19
       3030.0000   1.6086213e-19
       3040.0000   1.6961607e-19
       3050.0000   1.7877461e-19
       3060.0000   1.8835283e-19
       3070.0000   1.9836620e-19
       3080.0000   2.0883062e-19
       3090.0000   2.1976238e-19
       3100.0000   2.3117820e-19
       3110.0000   2.4309524e-19
       3120.0000   2.5553107e-19
       3130.0000   2.6850372e-19
       3140.0000   2.8203162e-19
       3150.0000   2.9613368e-19
       3160.0000   3.1082925e-19
       3170.0000   3.2613813e-19
       3180.0000   3.4208057e-19
       3190.0000   3.5867730e-19
       3200.0000   3.7594949e-19
       3210.0000   3.9391880e-19
       3220.0000   4.1260735e-19
       3230.0000   4.3203774e-19
       3240.0000   4.5223306e-19
       3250.0000   4.7321685e-19
       3260.0000   4.9501318e-19
       3270.0000   5.1764657e-19
       3280.0000   5.4114204e-19
       3290.0000   5.6552511e-19
       3300.0000   5.9082180e-19
       3310.0000   6.1705862e-19
       3320.0000   6.4426256e-19
       3330.0000   6.7246114e-19
       3340.0000   7.0168237e-19
       3350.0000   7.3195477e-19
       3360.0000   7.6330735e-19
       3370.0000   7.9576963e-19
       3380.0000   8.2937165e-19
       3390.0000   8.6414394e-19
       3400.0000   9.0011755e-19
       3410.0000   9.3732403e-19
       3420.0000   9.7579544e-19
       3430.0000   1.0155644e-18
       3440.0000   1.0566638e-18
       3450.0000   1.0991275e-18
       3460.0000   1.1429893e-18
       3470.0000   1.1882840e-18
       3480.0000   1.2350466e-18
       3490.0000   1.2833128e-18
       3500.0000   1.3331185e-18
       3510.0000   1.3845005e-18
       3520.0000   1.4374957e-18
       3530.0000   1.4921418e-18
       3540.0000   1.5484768e-18
       3550.0000   1.6065394e-18
       3560.0000   1.6663685e-18
       3570.0000   1.7280037e-18
       3580.0000   1.7914851e-18
       3590.0000   1.8568530e-18
       3600.0000   1.9241485e-18
       3610.0000   1.9934129e-18
       3620.0000   2.0646883e-18
       3630.0000   2.1380169e-18
       3640.0000   2.2134415e-18
       3650.0000   2.2910055e-18
       3660.0000   2.3707525e-18
       3670.0000   2.4527266e-18
       3680.0000   2.5369725e-18
       3690.0000   2.6235353e-18
       3700.0000   2.7124602e-18
       3710.0000   2.8037933e-18
       3720.0000   2.8975807e-18
       3730.0000   2.9938692e-18
       3740.0000   3.0927058e-18
       3750.0000   3.1941381e-18
       3760.0000   3.2982140e-18
       3770.0000   3.4049816e-18
       3780.0000   3.5144896e-18
       3790.0000   3.6267871e-18
       3800.0000   3.7419233e-18
       3810.0000   3.8599480e-18
       3820.0000   3.9809113e-18
       3830.0000   4.1048635e-18
       3840.0000   4.2318554e-18
       3850.0000   4.3619381e-18
       3860.0000   4.4951629e-18
       3870.0000   4.6315816e-18
       3880.0000   4.7712459e-18
       3890.0000   4.9142084e-18
       3900.0000   5.0605214e-18
       3910.0000   5.2102379e-18
       3920.0000   5.3634108e-18
       3930.0000   5.5200936e-18
       3940.0000   5.6803398e-18
       3950.0000   5.8442033e-18
       3960.0000   6.0117381e-18
       3970.0000   6.1829985e-18
       3980.0000   6.3580389e-18
       3990.0000   6.5369141e-18
       4000.0000   6.7196789e-18
       4010.0000   6.9063883e-18
       4020.0000   7.0970977e-18
       4030.0000   7.2918623e-18
       4040.0000   7.4907377e-18
       4050.0000   7.6937796e-18
       4060.0000   7.9010438e-18
       4070.0000   8.1125863e-18
       4080.0000   8.3284630e-18
       4090.0000   8.5487301e-18
       4100.0000   8.7734438e-18
       4110.0000   9.0026605e-18
       4120.0000   9.2364365e-18
       4130.0000   9.4748283e-18
       4140.0000   9.7178924e-18
       4150.0000   9.9656853e-18
       4160.0000   1.0218264e-17
       4170.0000   1.0475684e-17
       4180.0000   1.0738003e-17
       4190.0000   1.1005277e-17
       4200.0000   1.1277562e-17
       4210.0000   1.1554916e-17
       4220.0000   1.1837395e-17
       4230.0000   1.2125055e-17
       4240.0000   1.2417952e-17
       4250.0000   1.2716144e-17
       4260.0000   1.3019686e-17
       4270.0000   1.3328635e-17
       4280.0000   1.3643046e-17
       4290.0000   1.3962976e-17
       4300.0000   1.4288480e-17
       4310.0000   1.4619615e-17
       4320.0000   1.4956435e-17
       4330.0000   1.5298997e-17
       4340.0000   1.5647355e-17
       4350.0000   1.6001565e-17
       4360.0000   1.6361682e-17
       4370.0000   1.6727761e-17
       4380.0000   1.7099856e-17
       4390.0000   1.7478021e-17
       4400.0000   1.7862310e-17
       4410.0000   1.8252779e-17
       4420.0000   1.8649479e-17
       4430.0000   1.9052466e-17
       4440.0000   1.9461791e-17
       4450.0000   1.9877508e-17
       4460.0000   2.0299670e-17
       4470.0000   2.0728328e-17
       4480.0000   2.1163535e-17
       4490.0000   2.1605343e-17
       4500.0000   2.2053803e-17
       4510.0000   2.2508967e-17
       4520.0000   2.2970884e-17
       4530.0000   2.3439606e-17
       4540.0000   2.3915183e-17
       4550.0000   2.4397664e-17
       4560.0000   2.4887099e-17
       4570.0000   2.5383536e-17
       4580.0000   2.5887025e-17
       4590.0000   2.6397614e-17
       4600.0000   2.6915350e-17
       4610.0000   2.7440281e-17
       4620.0000   2.7972454e-17
       4630.0000   2.8511916e-17
       4640.0000   2.9058713e-17
       4650.0000   2.9612890e-17
       4660.0000   3.0174493e-17
       4670.0000   3.0743566e-17
       4680.0000   3.1320154e-17
       4690.0000   3.1904301e-17
       4700.0000   3.2496051e-17
       4710.0000   3.3095446e-17
       4720.0000   3.3702528e-17
       4730.0000   3.4317340e-17
       4740.0000   3.4939923e-17
       4750.0000   3.5570319e-17
       4760.0000   3.6208566e-17
       4770.0000   3.6854706e-17
       4780.0000   3.7508778e-17
       4790.0000   3.8170821e-17
       4800.0000   3.8840872e-17
       4810.0000   3.9518970e-17
       4820.0000   4.0205152e-17
       4830.0000   4.0899455e-17
       4840.0000   4.1601914e-17
       4850.0000   4.2312565e-17
       4860.0000   4.3031444e-17
       4870.0000   4.3758584e-17
       4880.0000   4.4494019e-17
       4890.0000   4.5237782e-17
       4900.0000   4.5989907e-17
       4910.0000   4.6750425e-17
       4920.0000   4.7519368e-17
       4930.0000   4.8296765e-17
       4940.0000   4.9082649e-17
       4950.0000   4.9877047e-17
       4960.0000   5.0679989e-17
       4970.0000   5.1491504e-17
       4980.0000   5.2311619e-17
       4990.0000   5.3140362e-17
       5000.0000   5.3977758e-17
       5010.0000   5.4823833e-17
       5020.0000   5.5678614e-17
       5030.0000   5.6542124e-17
       5040.0000   5.7414386e-17
       5050.0000   5.8295426e-17
       5060.0000   5.9185264e-17
       5070.0000   6.0083924e-17
       5080.0000   6.0991426e-17
       5090.0000   6.1907791e-17
       5100.0000   6.2833039e-17
       5110.0000   6.3767190e-17
       5120.0000   6.4710262e-17
       5130.0000   6.5662272e-17
       5140.0000   6.6623240e-17
       5150.0000   6.7593180e-17
       5160.0000   6.8572110e-17
       5170.0000   6.9560044e-17
       5180.0000   7.0556997e-17
       5190.0000   7.1562984e-17
       5200.0000   7.2578017e-17
       5210.0000   7.3602109e-17
       5220.0000   7.4635273e-17
       5230.0000   7.5677520e-17
       5240.0000   7.6728859e-17
       5250.0000   7.7789302e-17
       5260.0000   7.8858857e-17
       5270.0000   7.9937534e-17
       5280.0000   8.1025340e-17
       5290.0000   8.2122282e-17
       5300.0000   8.3228367e-17
       5310.0000   8.4343601e-17
       5320.0000   8.5467990e-17
       5330.0000   8.6601537e-17
       5340.0000   8.7744247e-17
       5350.0000   9.0869239e-17
       5360.0000   6.0073898e-17
       5370.0000   6.0562180e-17
       5380.0000   6.8355159e-17
       5390.0000   6.8167624e-17
       5400.0000   7.3811926e-17
       5410.0000   7.7735383e-17
       5420.0000   7.6509168e-17
       5430.0000   7.3378134e-17
       5440.0000   7.2971569e-17
       5450.0000   7.2175072e-17
       5460.0000   5.8325881e-17
       5470.0000   5.7045220e-17
       5480.0000   5.5788114e-17
       5490.0000   4.7550870e-17
       5500.0000   3.5254695e-17
       5510.0000   3.3245700e-17
       5520.0000   3.6210397e-17
       5530.0000   3.0207933e-17
       5540.0000   2.8627935e-17
       5550.0000   3.3065749e-17
       5560.0000   4.0348662e-17
       5570.0000   4.5133270e-17
       5580.0000   4.9576175e-17
       5590.0000   5.7857175e-17
       5600.0000   6.1990874e-17
       5610.0000   6.6344304e-17
       5620.0000   6.5146831e-17
       5630.0000   6.1135415e-17
       5640.0000   5.8897574e-17
       5650.0000   6.1504041e-17
       5660.0000   5.7042456e-17
       5670.0000   6.3148430e-17
       5680.0000   6.8328909e-17
       5690.0000   7.2623983e-17
       5700.0000   8.2359696e-17
       5710.0000   8.5693489e-17
       5720.0000   7.8662773e-17
       5730.0000   7.1284248e-17
       5740.0000   7.4400141e-17
       5750.0000   7.7766028e-17
       5760.0000   7.0990546e-17
       5770.0000   6.5380284e-17
       5780.0000   7.0474076e-17
       5790.0000   7.6319771e-17
       5800.0000   8.2699506e-17
       5810.0000   8.3219467e-17
       5820.0000   8.4114457e-17
       5830.0000   8.1994818e-17
       5840.0000   8.1327106e-17
       5850.0000   6.8278890e-17
       5860.0000   6.5374337e-17
       5870.0000   5.7006928e-17
       5880.0000   5.2401851e-17
       5890.0000   4.0866723e-17
       5900.0000   4.0249664e-17
       5910.0000   4.1858082e-17
       5920.0000   5.3491893e-17
       5930.0000   6.3419040e-17
       5940.0000   7.5693587e-17
       5950.0000   6.9955742e-17
       5960.0000   6.3383806e-17
       5970.0000   6.6500653e-17
       5980.0000   6.8130765e-17
       5990.0000   7.2195985e-17
       6000.0000   7.9067685e-17
       6010.0000   8.9508201e-17
       6020.0000   9.2259141e-17
       6030.0000   8.1944709e-17
       6040.0000   8.3036117e-17
       6050.0000   8.7705894e-17
       6060.0000   9.0512689e-17
       6070.0000   9.1257499e-17
       6080.0000   8.9847181e-17
       6090.0000   8.7073072e-17
       6100.0000   9.6261657e-17
       6110.0000   1.0115828e-16
       6120.0000   9.1196275e-17
       6130.0000   8.4538684e-17
       6140.0000   8.0682757e-17
       6150.0000   7.5441244e-17
       6160.0000   7.5235034e-17
       6170.0000   7.5268569e-17
       6180.0000   6.8610696e-17
       6190.0000   6.5206655e-17
       6200.0000   6.4740268e-17
       6210.0000   6.2099691e-17
       6220.0000   5.4747622e-17
       6230.0000   5.2989943e-17
       6240.0000   6.0141094e-17
       6250.0000   6.9108450e-17
       6260.0000   7.4804808e-17
       6270.0000   8.0912330e-17
       6280.0000   8.9902855e-17
       6290.0000   9.7198939e-17
       6300.0000   1.0269026e-16
       6310.0000   1.0350695e-16
       6320.0000   1.1673211e-16
       6330.0000   1.2860565e-16
       6340.0000   1.3607415e-16
       6350.0000   1.3012757e-16
       6360.0000   1.3048335e-16
       6370.0000   1.3327506e-16
       6380.0000   1.3971834e-16
       6390.0000   1.4160134e-16
       6400.0000   1.4084903e-16
       6410.0000   1.3829698e-16
       6420.0000   1.3323653e-16
       6430.0000   1.3452813e-16
       6440.0000   1.3796088e-16
       6450.0000   1.4505656e-16
       6460.0000   1.4503620e-16
       6470.0000   1.4787962e-16
       6480.0000   1.5319699e-16
       6490.0000   1.6057770e-16
       6500.0000   1.7363021e-16
       6510.0000   1.9300588e-16
       6520.0000   2.2188685e-16
       6530.0000   2.4671770e-16
       6540.0000   2.6111533e-16
       6550.0000   2.7118519e-16
       6560.0000   2.6733146e-16
       6570.0000   2.5229831e-16
       6580.0000   2.1406656e-16
       6590.0000   2.1963766e-16
       6600.0000   2.2748793e-16
       6610.0000   2.2899260e-16
       6620.0000   2.2333031e-16
       6630.0000   2.1463664e-16
       6640.0000   2.1133747e-16
       6650.0000   2.0974177e-16
       6660.0000   2.0604131e-16
       6670.0000   2.1385875e-16
       6680.0000   2.1597709e-16
       6690.0000   2.0917303e-16
       6700.0000   2.1863091e-16
       6710.0000   2.1705172e-16
       6720.0000   2.1755222e-16
       6730.0000   2.1561530e-16
       6740.0000   2.2557954e-16
       6750.0000   2.2890896e-16
       6760.0000   2.3355589e-16
       6770.0000   2.4519863e-16
       6780.0000   2.4406358e-16
       6790.0000   2.3829802e-16
       6800.0000   2.4425340e-16
       6810.0000   2.4581428e-16
       6820.0000   2.5294329e-16
       6830.0000   2.5281920e-16
       6840.0000   2.5048773e-16
       6850.0000   2.4902636e-16
       6860.0000   2.4962420e-16
       6870.0000   2.5567835e-16
       6880.0000   2.5916852e-16
       6890.0000   2.5379328e-16
       6900.0000   2.6013549e-16
       6910.0000   2.6088005e-16
       6920.0000   2.7879504e-16
       6930.0000   3.0033337e-16
       6940.0000   3.4532301e-16
       6950.0000   3.6076422e-16
       6960.0000   3.7343693e-16
       6970.0000   3.8545973e-16
       6980.0000   3.9929794e-16
       6990.0000   4.0437304e-16
       7000.0000   4.1329471e-16
       7010.0000   4.3276203e-16
       7020.0000   4.7351658e-16
       7030.0000   5.1880287e-16
       7040.0000   5.6002415e-16
       7050.0000   4.8316733e-16
       7060.0000   3.9103320e-16
       7070.0000   3.3437258e-16
       7080.0000   3.4145123e-16
       7090.0000   3.3022305e-16
       7100.0000   3.2133879e-16
       7110.0000   3.3585556e-16
       7120.0000   3.3589281e-16
       7130.0000   3.2055308e-16
       7140.0000   3.1076035e-16
       7150.0000   3.2270454e-16
       7160.0000   3.3091667e-16
       7170.0000   3.4700433e-16
       7180.0000   3.7303091e-16
       7190.0000   3.8340841e-16
       7200.0000   3.9003640e-16
       7210.0000   3.9547833e-16
       7220.0000   4.2568059e-16
       7230.0000   4.5468630e-16
       7240.0000   4.9625432e-16
       7250.0000   5.3648785e-16
       7260.0000   5.7711973e-16
       7270.0000   5.9257437e-16
       7280.0000   6.1851127e-16
       7290.0000   6.8144947e-16
       7300.0000   7.6294426e-16
       7310.0000   8.4016727e-16
       7320.0000   8.9545020e-16
       7330.0000   9.6164121e-16
       7340.0000   9.8164496e-16
       7350.0000   9.9831987e-16
       7360.0000   1.0209045e-15
       7370.0000   1.0414885e-15
       7380.0000   1.0603773e-15
       7390.0000   1.0502060e-15
       7400.0000   1.0394422e-15
       7410.0000   1.0137814e-15
       7420.0000   1.0140290e-15
       7430.0000   9.8670642e-16
       7440.0000   9.8351054e-16
       7450.0000   9.7372907e-16
       7460.0000   9.8686289e-16
       7470.0000   1.0048432e-15
       7480.0000   1.0306938e-15
       7490.0000   1.0676059e-15
       7500.0000   1.0975172e-15
       7510.0000   1.1147162e-15
       7520.0000   1.1227401e-15
       7530.0000   1.1651392e-15
       7540.0000   1.2258179e-15
       7550.0000   1.2781937e-15
       7560.0000   1.2781251e-15
       7570.0000   1.2973938e-15
       7580.0000   1.1700165e-15
       7590.0000   1.0117518e-15
       7600.0000   8.5420807e-16
       7610.0000   8.7564147e-16
       7620.0000   8.2332861e-16
       7630.0000   7.2819071e-16
       7640.0000   6.0163395e-16
       7650.0000   4.9564811e-16
       7660.0000   3.8914991e-16
       7670.0000   3.6147216e-16
       7680.0000   4.0621595e-16
       7690.0000   4.0598127e-16
       7700.0000   4.0939145e-16
       7710.0000   4.6506490e-16
       7720.0000   6.0839781e-16
       7730.0000   7.1026876e-16
       7740.0000   7.3771175e-16
       7750.0000   7.2903360e-16
       7760.0000   7.3222087e-16
       7770.0000   7.6215598e-16
       7780.0000   7.8509445e-16
       7790.0000   7.7257095e-16
       7800.0000   8.3530567e-16
       7810.0000   8.8937190e-16
       7820.0000   9.2826895e-16
       7830.0000   9.2421529e-16
       7840.0000   9.3523794e-16
       7850.0000   9.8067739e-16
       7860.0000   9.7007962e-16
       7870.0000   9.9158546e-16
       7880.0000   1.0252684e-15
       7890.0000   1.0449307e-15
       7900.0000   1.0204543e-15
       7910.0000   9.7336035e-16
       7920.0000   9.8791138e-16
       7930.0000   9.9590906e-16
       7940.0000   9.8949757e-16
       7950.0000   9.9682753e-16
       7960.0000   1.0520447e-15
       7970.0000   1.0848161e-15
       7980.0000   1.0751342e-15
       7990.0000   1.0659510e-15
       8000.0000   1.1418002e-15
       8010.0000   1.2517761e-15
       8020.0000   1.3686531e-15
       8030.0000   1.4571127e-15
       8040.0000   1.5772766e-15
       8050.0000   1.6907535e-15
       8060.0000   1.8256658e-15
       8070.0000   1.9658733e-15
       8080.0000   2.0964925e-15
       8090.0000   2.1969699e-15
       8100.0000   2.3113486e-15
       8110.0000   2.4265352e-15
       8120.0000   2.6034305e-15
       8130.0000   2.7137317e-15
       8140.0000   2.7828491e-15
       8150.0000   2.8261932e-15
       8160.0000   2.9092627e-15
       8170.0000   2.7732452e-15
       8180.0000   2.5715083e-15
       8190.0000   2.3243447e-15
       8200.0000   2.3452318e-15
       8210.0000   2.4812233e-15
       8220.0000   2.7164984e-15
       8230.0000   2.8896131e-15
       8240.0000   2.9707543e-15
       8250.0000   2.9836432e-15
       8260.0000   2.9365203e-15
       8270.0000   2.8711939e-15
       8280.0000   2.7303477e-15
       8290.0000   2.5633912e-15
       8300.0000   2.4500039e-15
       8310.0000   2.5053663e-15
       8320.0000   2.5774234e-15
       8330.0000   2.6321354e-15
       8340.0000   2.6122209e-15
       8350.0000   2.6281718e-15
       8360.0000   2.6690834e-15
       8370.0000   2.6874338e-15
       8380.0000   2.6249746e-15
       8390.0000   2.6249749e-15
       8400.0000   2.7013917e-15
       8410.0000   2.7922402e-15
       8420.0000   2.6946808e-15
       8430.0000   2.4243015e-15
       8440.0000   2.0523270e-15
       8450.0000   1.7350387e-15
       8460.0000   1.5975551e-15
       8470.0000   1.5973989e-15
       8480.0000   1.6818434e-15
       8490.0000   1.7545125e-15
       8500.0000   1.7831020e-15
       8510.0000   1.7123568e-15
       8520.0000   1.7361108e-15
       8530.0000   1.8096295e-15
       8540.0000   1.9992901e-15
       8550.0000   2.0913967e-15
       8560.0000   2.1680000e-15
       8570.0000   2.2007278e-15
       8580.0000   2.2497308e-15
       8590.0000   2.2994278e-15
       8600.0000   2.3006597e-15
       8610.0000   2.2269381e-15
       8620.0000   2.0995451e-15
       8630.0000   2.0258481e-15
       8640.0000   2.0615915e-15
       8650.0000   2.1672268e-15
       8660.0000   2.2374186e-15
       8670.0000   2.3246506e-15
       8680.0000   2.2430927e-15
       8690.0000   2.1770277e-15
       8700.0000   2.0363374e-15
       8710.0000   1.9963559e-15
       8720.0000   2.0916885e-15
       8730.0000   2.2162947e-15
       8740.0000   2.3690544e-15
       8750.0000   2.4754886e-15
       8760.0000   2.6803572e-15
       8770.0000   2.7945609e-15
       8780.0000   2.9010153e-15
       8790.0000   2.9071451e-15
       8800.0000   3.0124069e-15
       8810.0000   3.1092927e-15
       8820.0000   3.2531512e-15
       8830.0000   3.3987601e-15
       8840.0000   3.4195908e-15
       8850.0000   3.2796175e-15
       8860.0000   2.9243942e-15
       8870.0000   2.7552051e-15
       8880.0000   2.6650933e-15
       8890.0000   2.8281808e-15
       8900.0000   2.9525244e-15
       8910.0000   3.0710107e-15
       8920.0000   3.2728930e-15
       8930.0000   3.1965658e-15
       8940.0000   3.1582765e-15
       8950.0000   3.1517708e-15
       8960.0000   3.2593790e-15
       8970.0000   3.4781078e-15
       8980.0000   3.5774782e-15
       8990.0000   3.7713586e-15
       9000.0000   3.8445460e-15
       9010.0000   3.7187537e-15
       9020.0000   3.7752625e-15
       9030.0000   3.8082671e-15
       9040.0000   3.9189079e-15
       9050.0000   3.9808619e-15
       9060.0000   3.8801081e-15
       9070.0000   3.8744393e-15
       9080.0000   4.0159996e-15
       9090.0000   4.2113534e-15
       9100.0000   4.3400081e-15
       9110.0000   4.4915664e-15
       9120.0000   4.5954378e-15
       9130.0000   4.6434548e-15
       9140.0000   4.7333889e-15
       9150.0000   4.8466743e-15
       9160.0000   4.9701695e-15
       9170.0000   5.0533028e-15
       9180.0000   5.1085565e-15
       9190.0000   5.7011594e-15
       9200.0000   5.4981473e-15
       9210.0000   4.9154322e-15
       9220.0000   5.0259515e-15
       9230.0000   5.1364708e-15
       9240.0000   5.2469902e-15
       9250.0000   5.2655459e-15
       9260.0000   5.2467276e-15
       9270.0000   5.2279093e-15
       9280.0000   5.2136395e-15
       9290.0000   5.2209581e-15
       9300.0000   5.2282767e-15
       9310.0000   5.2355954e-15
       9320.0000   5.1985360e-15
       9330.0000   5.1342794e-15
       9340.0000   5.0700228e-15
       9350.0000   5.0095890e-15
       9360.0000   5.0250575e-15
       9370.0000   5.0405261e-15
       9380.0000   5.0559946e-15
       9390.0000   5.0855283e-15
       9400.0000   5.1315693e-15
       9410.0000   5.1776104e-15
       9420.0000   5.2236514e-15
       9430.0000   5.2912853e-15
       9440.0000   5.3626107e-15
       9450.0000   5.4339361e-15
       9460.0000   5.5117567e-15
       9470.0000   5.6109576e-15
       9480.0000   5.7101585e-15
       9490.0000   5.8093594e-15
       9500.0000   5.8642542e-15
       9510.0000   5.8888589e-15
       9520.0000   5.9134636e-15
       9530.0000   5.9380683e-15
       9540.0000   6.0667744e-15
       9550.0000   6.2021207e-15
       9560.0000   6.3374670e-15
       9570.0000   6.4282146e-15
       9580.0000   6.3977329e-15
       9590.0000   6.3672512e-15
       9600.0000   6.3367695e-15
       9610.0000   6.3846473e-15
       9620.0000   6.4885713e-15
       9630.0000   6.5924952e-15
       9640.0000   6.6964192e-15
       9650.0000   6.6361244e-15
       9660.0000   6.5534320e-15
       9670.0000   6.4707396e-15
       9680.0000   6.4032887e-15
       9690.0000   6.4146734e-15
       9700.0000   6.4260582e-15
       9710.0000   6.4374429e-15
       9720.0000   6.5018219e-15
       9730.0000   6.6367354e-15
       9740.0000   6.7716489e-15
       9750.0000   6.9065625e-15
       9760.0000   6.9334299e-15
       9770.0000   6.9096755e-15
       9780.0000   6.8859210e-15
       9790.0000   6.8621665e-15
       9800.0000   6.8506563e-15
       9810.0000   6.8402544e-15
       9820.0000   6.8298525e-15
       9830.0000   6.8158944e-15
       9840.0000   6.7799193e-15
       9850.0000   6.7439442e-15
       9860.0000   6.7079690e-15
       9870.0000   6.6734553e-15
       9880.0000   6.6417037e-15
       9890.0000   6.6099521e-15
       9900.0000   6.5782005e-15
       9910.0000   6.5212490e-15
       9920.0000   6.4426565e-15
       9930.0000   6.3640639e-15
       9940.0000   6.2854714e-15
       9950.0000   6.1687803e-15
       9960.0000   6.0369786e-15
       9970.0000   5.9051770e-15
       9980.0000   5.7733753e-15
       9990.0000   5.7035369e-15
       10000.000   5.6420716e-15
       10010.000   5.5806062e-15
       10020.000   5.5225042e-15
       10030.000   5.5732242e-15
       10040.000   5.6239442e-15
       10050.000   5.6746642e-15
       10060.000   5.7228120e-15
       10070.000   5.7583947e-15
       10080.000   5.7939773e-15
       10090.000   5.8295600e-15
       10100.000   5.8878949e-15
       10110.000   6.0019233e-15
       10120.000   6.1159516e-15
       10130.000   6.2299800e-15
       10140.000   6.3338302e-15
       10150.000   6.4224133e-15
       10160.000   6.5109963e-15
       10170.000   6.5995794e-15
       10180.000   6.6633751e-15
       10190.000   6.7023835e-15
       10200.000   6.7413918e-15
       10210.000   6.7804002e-15
       10220.000   6.7641072e-15
       10230.000   6.7077651e-15
       10240.000   6.6514231e-15
       10250.000   6.5950810e-15
       10260.000   6.6058326e-15
       10270.000   6.6527116e-15
       10280.000   6.6995905e-15
       10290.000   6.7464695e-15
       10300.000   6.7644183e-15
       10310.000   6.7705539e-15
       10320.000   6.7766895e-15
       10330.000   6.7828251e-15
       10340.000   6.8282013e-15
       10350.000   6.8859653e-15
       10360.000   6.9437292e-15
       10370.000   7.0014932e-15
       10380.000   7.0505022e-15
       10390.000   7.0971843e-15
       10400.000   7.1438665e-15
       10410.000   7.1905487e-15
       10420.000   7.2729342e-15
       10430.000   7.3636967e-15
       10440.000   7.4544592e-15
       10450.000   7.5452217e-15
       10460.000   7.5661341e-15
       10470.000   7.5717157e-15
       10480.000   7.5772973e-15
       10490.000   7.5828789e-15
       10500.000   7.5491139e-15
       10510.000   7.5067073e-15
       10520.000   7.4643008e-15
       10530.000   7.4218942e-15
       10540.000   7.4434111e-15
       10550.000   7.4799262e-15
       10560.000   7.5164414e-15
       10570.000   7.5529565e-15
       10580.000   7.4845275e-15
       10590.000   7.3882084e-15
       10600.000   7.2918894e-15
       10610.000   7.1955704e-15
       10620.000   7.1863598e-15
       10630.000   7.2061853e-15
       10640.000   7.2260109e-15
       10650.000   7.2458365e-15
       10660.000   7.2881684e-15
       10670.000   7.3396904e-15
       10680.000   7.3912124e-15
       10690.000   7.4427345e-15
       10700.000   7.5289187e-15
       10710.000   7.6337672e-15
       10720.000   7.7386157e-15
       10730.000   7.8434641e-15
       10740.000   7.9450492e-15
       10750.000   8.0443659e-15
       10760.000   8.1436827e-15
       10770.000   8.2429994e-15
       10780.000   8.3216188e-15
       10790.000   8.3803571e-15
       10800.000   8.4390953e-15
       10810.000   8.4978336e-15
       10820.000   8.5659971e-15
       10830.000   8.6466553e-15
       10840.000   8.7273135e-15
       10850.000   8.8079718e-15
       10860.000   8.8707193e-15
       10870.000   8.8970996e-15
       10880.000   8.9234798e-15
       10890.000   8.9498601e-15
       10900.000   9.0016059e-15
       10910.000   9.1382337e-15
       10920.000   9.2748615e-15
       10930.000   9.4114893e-15
       10940.000   9.5343395e-15
       10950.000   9.5560784e-15
       10960.000   9.5778174e-15
       10970.000   9.5995564e-15
       10980.000   9.6212954e-15
       10990.000   9.5826887e-15
       11000.000   9.5440761e-15
       11010.000   9.5054635e-15
       11020.000   9.4668509e-15
       11030.000   9.4510437e-15
       11040.000   9.4389471e-15
       11050.000   9.4268505e-15
       11060.000   9.4147539e-15
       11070.000   9.4057669e-15
       11080.000   9.3979294e-15
       11090.000   9.3900920e-15
       11100.000   9.3822545e-15
       11110.000   9.3786479e-15
       11120.000   9.3781053e-15
       11130.000   9.3775627e-15
       11140.000   9.3770201e-15
       11150.000   9.3599052e-15
       11160.000   9.3198976e-15
       11170.000   9.2798899e-15
       11180.000   9.2398822e-15
       11190.000   9.2129907e-15
       11200.000   9.2234183e-15
       11210.000   9.2338460e-15
       11220.000   9.2442736e-15
       11230.000   9.2564147e-15
       11240.000   9.2858938e-15
       11250.000   9.3153729e-15
       11260.000   9.3448519e-15
       11270.000   9.3743310e-15
       11280.000   9.3647788e-15
       11290.000   9.3513691e-15
       11300.000   9.3379595e-15
       11310.000   9.3245499e-15
       11320.000   9.3114770e-15
       11330.000   9.2985352e-15
       11340.000   9.2855934e-15
       11350.000   9.2726515e-15
       11360.000   9.2596171e-15
       11370.000   9.2465007e-15
       11380.000   9.2333842e-15
       11390.000   9.2202677e-15
       11400.000   9.2129512e-15
       11410.000   9.2174112e-15
       11420.000   9.2218713e-15
       11430.000   9.2263314e-15
       11440.000   9.2262807e-15
       11450.000   9.1931573e-15
       11460.000   9.1600338e-15
       11470.000   9.1269104e-15
       11480.000   9.0937870e-15
       11490.000   9.1777221e-15
       11500.000   9.2732399e-15
       11510.000   9.3687577e-15
       11520.000   9.4642755e-15
       11530.000   9.5592616e-15
       11540.000   9.6540087e-15
       11550.000   9.7487558e-15
       11560.000   9.8435029e-15
       11570.000   9.9027991e-15
       11580.000   9.9204727e-15
       11590.000   9.9381462e-15
       11600.000   9.9558198e-15
       11610.000   9.9632610e-15
       11620.000   9.9364427e-15
       11630.000   9.9096244e-15
       11640.000   9.8828060e-15
       11650.000   9.8559877e-15
       11660.000   9.8072342e-15
       11670.000   9.7584808e-15
       11680.000   9.7097273e-15
       11690.000   9.6609739e-15
       11700.000   9.5585337e-15
       11710.000   9.4381980e-15
       11720.000   9.3178622e-15
       11730.000   9.1975265e-15
       11740.000   9.1213955e-15
       11750.000   9.0877425e-15
       11760.000   9.0540894e-15
       11770.000   9.0204364e-15
       11780.000   8.9797121e-15
       11790.000   8.9177744e-15
       11800.000   8.8558366e-15
       11810.000   8.7938988e-15
       11820.000   8.7319610e-15
       11830.000   8.7163996e-15
       11840.000   8.7008383e-15
       11850.000   8.6852769e-15
       11860.000   8.6697155e-15
       11870.000   8.6710064e-15
       11880.000   8.6785308e-15
       11890.000   8.6860553e-15
       11900.000   8.6935798e-15
       11910.000   8.7018426e-15
       11920.000   8.7109377e-15
       11930.000   8.7200329e-15
       11940.000   8.7291280e-15
       11950.000   8.7333164e-15
       11960.000   8.7178775e-15
       11970.000   8.7024386e-15
       11980.000   8.6869998e-15
       11990.000   8.6715609e-15
