       3000.0000   3.1053941e-20
       3010.0000   3.2946110e-20
       3020.0000   3.4937961e-20
       3030.0000   3.7033859e-20
       3040.0000   3.9238316e-20
       3050.0000   4.1555992e-20
       3060.0000   4.3991705e-20
       3070.0000   4.6550426e-20
       3080.0000   4.9237288e-20
       3090.0000   5.2057588e-20
       3100.0000   5.5016786e-20
       3110.0000   5.8120516e-20
       3120.0000   6.1374581e-20
       3130.0000   6.4784963e-20
       3140.0000   6.8357819e-20
       3150.0000   7.2099492e-20
       3160.0000   7.6016507e-20
       3170.0000   8.0115581e-20
       3180.0000   8.4403619e-20
       3190.0000   8.8887721e-20
       3200.0000   9.3575186e-20
       3210.0000   9.8473512e-20
       3220.0000   1.0359040e-19
       3230.0000   1.0893376e-19
       3240.0000   1.1451171e-19
       3250.0000   1.2033258e-19
       3260.0000   1.2640491e-19
       3270.0000   1.3273747e-19
       3280.0000   1.3933923e-19
       3290.0000   1.4621941e-19
       3300.0000   1.5338744e-19
       3310.0000   1.6085297e-19
       3320.0000   1.6862590e-19
       3330.0000   1.7671636e-19
       3340.0000   1.8513470e-19
       3350.0000   1.9389152e-19
       3360.0000   2.0299767e-19
       3370.0000   2.1246423e-19
       3380.0000   2.2230253e-19
       3390.0000   2.3252414e-19
       3400.0000   2.4314089e-19
       3410.0000   2.5416486e-19
       3420.0000   2.6560838e-19
       3430.0000   2.7748404e-19
       3440.0000   2.8980468e-19
       3450.0000   3.0258341e-19
       3460.0000   3.1583359e-19
       3470.0000   3.2956885e-19
       3480.0000   3.4380307e-19
       3490.0000   3.5855042e-19
       3500.0000   3.7382532e-19
       3510.0000   3.8964246e-19
       3520.0000   4.0601680e-19
       3530.0000   4.2296357e-19
       3540.0000   4.4049828e-19
       3550.0000   4.5863669e-19
       3560.0000   4.7739487e-19
       3570.0000   4.9678913e-19
       3580.0000   5.1683606e-19
       3590.0000   5.3755255e-19
       3600.0000   5.5895574e-19
       3610.0000   5.8106306e-19
       3620.0000   6.0389220e-19
       3630.0000   6.2746115e-19
       3640.0000   6.5178816e-19
       3650.0000   6.7689176e-19
       3660.0000   7.0279077e-19
       3670.0000   7.2950428e-19
       3680.0000   7.5705163e-19
       3690.0000   7.8545248e-19
       3700.0000   8.1472675e-19
       3710.0000   8.4489461e-19
       3720.0000   8.7597654e-19
       3730.0000   9.0799328e-19
       3740.0000   9.4096584e-19
       3750.0000   9.7491550e-19
       3760.0000   1.0098638e-18
       3770.0000   1.0458326e-18
       3780.0000   1.0828440e-18
       3790.0000   1.1209204e-18
       3800.0000   1.1600843e-18
       3810.0000   1.2003587e-18
       3820.0000   1.2417668e-18
       3830.0000   1.2843319e-18
       3840.0000   1.3280777e-18
       3850.0000   1.3730282e-18
       3860.0000   1.4192075e-18
       3870.0000   1.4666402e-18
       3880.0000   1.5153508e-18
       3890.0000   1.5653644e-18
       3900.0000   1.6167062e-18
       3910.0000   1.6694016e-18
       3920.0000   1.7234762e-18
       3930.0000   1.7789560e-18
       3940.0000   1.8358672e-18
       3950.0000   1.8942361e-18
       3960.0000   1.9540894e-18
       3970.0000   2.0154539e-18
       3980.0000   2.0783568e-18
       3990.0000   2.1428252e-18
       4000.0000   2.2088867e-18
       4010.0000   2.2765692e-18
       4020.0000   2.3459004e-18
       4030.0000   2.4169086e-18
       4040.0000   2.4896221e-18
       4050.0000   2.5640695e-18
       4060.0000   2.6402795e-18
       4070.0000   2.7182812e-18
       4080.0000   2.7981036e-18
       4090.0000   2.8797762e-18
       4100.0000   2.9633283e-18
       4110.0000   3.0487898e-18
       4120.0000   3.1361904e-18
       4130.0000   3.2255602e-18
       4140.0000   3.3169295e-18
       4150.0000   3.4103286e-18
       4160.0000   3.5057881e-18
       4170.0000   3.6033385e-18
       4180.0000   3.7030108e-18
       4190.0000   3.8048360e-18
       4200.0000   3.9088451e-18
       4210.0000   4.0150694e-18
       4220.0000   4.1235403e-18
       4230.0000   4.2342893e-18
       4240.0000   4.3473480e-18
       4250.0000   4.4627482e-18
       4260.0000   4.5805217e-18
       4270.0000   4.7007006e-18
       4280.0000   4.8233169e-18
       4290.0000   4.9484027e-18
       4300.0000   5.0759903e-18
       4310.0000   5.2061121e-18
       4320.0000   5.3388005e-18
       4330.0000   5.4740880e-18
       4340.0000   5.6120071e-18
       4350.0000   5.7525907e-18
       4360.0000   5.8958712e-18
       4370.0000   6.0418816e-18
       4380.0000   6.1906546e-18
       4390.0000   6.3422231e-18
       4400.0000   6.4966200e-18
       4410.0000   6.6538782e-18
       4420.0000   6.8140308e-18
       4430.0000   6.9771107e-18
       4440.0000   7.1431509e-18
       4450.0000   7.3121845e-18
       4460.0000   7.4842445e-18
       4470.0000   7.6593640e-18
       4480.0000   7.8375760e-18
       4490.0000   8.0189135e-18
       4500.0000   8.2034096e-18
       4510.0000   8.3910972e-18
       4520.0000   8.5820095e-18
       4530.0000   8.7761793e-18
       4540.0000   8.9736395e-18
       4550.0000   9.1744231e-18
       4560.0000   9.3785629e-18
       4570.0000   9.5860917e-18
       4580.0000   9.7970423e-18
       4590.0000   1.0011447e-17
       4600.0000   1.0229339e-17
       4610.0000   1.0450751e-17
       4620.0000   1.0675714e-17
       4630.0000   1.0904263e-17
       4640.0000   1.1136427e-17
       4650.0000   1.1372241e-17
       4660.0000   1.1611736e-17
       4670.0000   1.1854944e-17
       4680.0000   1.2101897e-17
       4690.0000   1.2352627e-17
       4700.0000   1.2607166e-17
       4710.0000   1.2865544e-17
       4720.0000   1.3127794e-17
       4730.0000   1.3393947e-17
       4740.0000   1.3664034e-17
       4750.0000   1.3938086e-17
       4760.0000   1.4216134e-17
       4770.0000   1.4498208e-17
       4780.0000   1.4784340e-17
       4790.0000   1.5074559e-17
       4800.0000   1.5368896e-17
       4810.0000   1.5667381e-17
       4820.0000   1.5970044e-17
       4830.0000   1.6276915e-17
       4840.0000   1.6588023e-17
       4850.0000   1.6903397e-17
       4860.0000   1.7223067e-17
       4870.0000   1.7547061e-17
       4880.0000   1.7875409e-17
       4890.0000   1.8208139e-17
       4900.0000   1.8545279e-17
       4910.0000   1.8886858e-17
       4920.0000   1.9232903e-17
       4930.0000   1.9583442e-17
       4940.0000   1.9938502e-17
       4950.0000   2.0298111e-17
       4960.0000   2.0662296e-17
       4970.0000   2.1031084e-17
       4980.0000   2.1404500e-17
       4990.0000   2.1782572e-17
       5000.0000   2.2165325e-17
       5010.0000   2.2552785e-17
       5020.0000   2.2944978e-17
       5030.0000   2.3341928e-17
       5040.0000   2.3743662e-17
       5050.0000   2.4150203e-17
       5060.0000   2.4561576e-17
       5070.0000   2.4977805e-17
       5080.0000   2.5398914e-17
       5090.0000   2.5824927e-17
       5100.0000   2.6255866e-17
       5110.0000   2.6691756e-17
       5120.0000   2.7132619e-17
       5130.0000   2.7578477e-17
       5140.0000   2.8029352e-17
       5150.0000   2.8485266e-17
       5160.0000   2.8946242e-17
       5170.0000   2.9412299e-17
       5180.0000   2.9883459e-17
       5190.0000   3.0359743e-17
       5200.0000   3.0841171e-17
       5210.0000   3.1327763e-17
       5220.0000   3.1819538e-17
       5230.0000   3.2316517e-17
       5240.0000   3.2818717e-17
       5250.0000   3.3326158e-17
       5260.0000   3.3838858e-17
       5270.0000   3.4356835e-17
       5280.0000   3.4880107e-17
       5290.0000   3.5408692e-17
       5300.0000   3.5942606e-17
       5310.0000   3.6481865e-17
       5320.0000   3.7026487e-17
       5330.0000   3.7576488e-17
       5340.0000   3.8131883e-17
       5350.0000   2.0275542e-17
       5360.0000   3.1547541e-17
       5370.0000   2.8008502e-17
       5380.0000   3.0709438e-17
       5390.0000   3.5602763e-17
       5400.0000   3.6020716e-17
       5410.0000   3.4708329e-17
       5420.0000   3.2054660e-17
       5430.0000   3.5919869e-17
       5440.0000   3.8996560e-17
       5450.0000   3.4476618e-17
       5460.0000   3.4693344e-17
       5470.0000   3.6509774e-17
       5480.0000   3.1582153e-17
       5490.0000   2.4369364e-17
       5500.0000   1.6533519e-17
       5510.0000   1.3582751e-17
       5520.0000   1.5462580e-17
       5530.0000   1.5056809e-17
       5540.0000   1.5590046e-17
       5550.0000   1.9764322e-17
       5560.0000   2.1700845e-17
       5570.0000   2.3944162e-17
       5580.0000   2.8002165e-17
       5590.0000   2.9327148e-17
       5600.0000   3.1494330e-17
       5610.0000   3.5137704e-17
       5620.0000   3.3912096e-17
       5630.0000   3.3106223e-17
       5640.0000   3.3166130e-17
       5650.0000   3.6961454e-17
       5660.0000   3.9275345e-17
       5670.0000   3.7406280e-17
       5680.0000   3.4716641e-17
       5690.0000   3.7252911e-17
       5700.0000   4.3384126e-17
       5710.0000   4.4158457e-17
       5720.0000   3.8585612e-17
       5730.0000   3.5466920e-17
       5740.0000   3.3624569e-17
       5750.0000   3.3280358e-17
       5760.0000   3.7228475e-17
       5770.0000   3.9742417e-17
       5780.0000   3.2833466e-17
       5790.0000   3.0207719e-17
       5800.0000   3.0935611e-17
       5810.0000   2.8484649e-17
       5820.0000   2.7731437e-17
       5830.0000   3.0618131e-17
       5840.0000   2.9651132e-17
       5850.0000   2.4756301e-17
       5860.0000   1.8229025e-17
       5870.0000   1.9999611e-17
       5880.0000   1.3696804e-17
       5890.0000   1.1504162e-17
       5900.0000   1.4009187e-17
       5910.0000   1.4944079e-17
       5920.0000   9.2736706e-18
       5930.0000   1.5187605e-17
       5940.0000   2.5057501e-17
       5950.0000   3.4754641e-17
       5960.0000   3.6177769e-17
       5970.0000   3.5002312e-17
       5980.0000   3.2030867e-17
       5990.0000   2.9179112e-17
       6000.0000   2.8741412e-17
       6010.0000   3.7765238e-17
       6020.0000   4.2312511e-17
       6030.0000   4.8772544e-17
       6040.0000   4.6721570e-17
       6050.0000   4.7695385e-17
       6060.0000   5.0157194e-17
       6070.0000   5.4152969e-17
       6080.0000   5.6069313e-17
       6090.0000   5.4792380e-17
       6100.0000   4.7932339e-17
       6110.0000   4.9940976e-17
       6120.0000   4.7907733e-17
       6130.0000   4.5089163e-17
       6140.0000   4.5320274e-17
       6150.0000   4.5663903e-17
       6160.0000   4.4223612e-17
       6170.0000   4.0312821e-17
       6180.0000   3.6610527e-17
       6190.0000   3.4583160e-17
       6200.0000   3.7396731e-17
       6210.0000   3.6552712e-17
       6220.0000   3.7242999e-17
       6230.0000   3.7168084e-17
       6240.0000   3.7183724e-17
       6250.0000   3.5795410e-17
       6260.0000   3.7989298e-17
       6270.0000   4.4908637e-17
       6280.0000   4.7853849e-17
       6290.0000   5.2526713e-17
       6300.0000   5.9212236e-17
       6310.0000   6.6233399e-17
       6320.0000   6.7756991e-17
       6330.0000   7.5152096e-17
       6340.0000   8.1899100e-17
       6350.0000   8.3407950e-17
       6360.0000   8.1894433e-17
       6370.0000   7.7815049e-17
       6380.0000   8.1026317e-17
       6390.0000   7.9897984e-17
       6400.0000   8.4780913e-17
       6410.0000   8.8760740e-17
       6420.0000   8.5011846e-17
       6430.0000   8.2797941e-17
       6440.0000   8.6947069e-17
       6450.0000   8.8512946e-17
       6460.0000   9.0068015e-17
       6470.0000   8.9025034e-17
       6480.0000   9.3510563e-17
       6490.0000   9.6365787e-17
       6500.0000   1.0594830e-16
       6510.0000   1.1714321e-16
       6520.0000   1.3189029e-16
       6530.0000   1.4732203e-16
       6540.0000   1.5619025e-16
       6550.0000   1.6170914e-16
       6560.0000   1.6468410e-16
       6570.0000   1.6045984e-16
       6580.0000   1.4414724e-16
       6590.0000   1.5011735e-16
       6600.0000   1.5825558e-16
       6610.0000   1.6638025e-16
       6620.0000   1.6354129e-16
       6630.0000   1.6753207e-16
       6640.0000   1.7169074e-16
       6650.0000   1.7537398e-16
       6660.0000   1.7594270e-16
       6670.0000   1.7884785e-16
       6680.0000   1.7909425e-16
       6690.0000   1.7718127e-16
       6700.0000   1.8333272e-16
       6710.0000   1.8487937e-16
       6720.0000   1.8853518e-16
       6730.0000   1.9067847e-16
       6740.0000   1.9664992e-16
       6750.0000   2.0311602e-16
       6760.0000   2.0676936e-16
       6770.0000   2.0861257e-16
       6780.0000   2.0066236e-16
       6790.0000   1.9689526e-16
       6800.0000   1.9185042e-16
       6810.0000   1.9040711e-16
       6820.0000   1.8728680e-16
       6830.0000   1.8342792e-16
       6840.0000   1.7642660e-16
       6850.0000   1.7380592e-16
       6860.0000   1.7456210e-16
       6870.0000   1.7155992e-16
       6880.0000   1.6408175e-16
       6890.0000   1.6011798e-16
       6900.0000   1.6223947e-16
       6910.0000   1.6189465e-16
       6920.0000   1.7206043e-16
       6930.0000   1.7771052e-16
       6940.0000   1.9650399e-16
       6950.0000   2.0620686e-16
       6960.0000   2.1279311e-16
       6970.0000   2.1728800e-16
       6980.0000   2.2262259e-16
       6990.0000   2.2482885e-16
       7000.0000   2.3310404e-16
       7010.0000   2.4473183e-16
       7020.0000   2.6985992e-16
       7030.0000   2.9952060e-16
       7040.0000   3.3011366e-16
       7050.0000   3.2072137e-16
       7060.0000   3.0172905e-16
       7070.0000   2.9163460e-16
       7080.0000   2.9439999e-16
       7090.0000   2.9306773e-16
       7100.0000   2.8627853e-16
       7110.0000   2.9307836e-16
       7120.0000   2.9252639e-16
       7130.0000   2.9324999e-16
       7140.0000   2.9538315e-16
       7150.0000   3.0751642e-16
       7160.0000   3.1785869e-16
       7170.0000   3.2407141e-16
       7180.0000   3.3809166e-16
       7190.0000   3.4254669e-16
       7200.0000   3.4956539e-16
       7210.0000   3.5508091e-16
       7220.0000   3.7719293e-16
       7230.0000   3.8759676e-16
       7240.0000   4.0354267e-16
       7250.0000   4.1648561e-16
       7260.0000   4.3828815e-16
       7270.0000   4.4735751e-16
       7280.0000   4.5985017e-16
       7290.0000   4.7544674e-16
       7300.0000   4.9968721e-16
       7310.0000   5.3158951e-16
       7320.0000   5.4873518e-16
       7330.0000   5.7184979e-16
       7340.0000   5.6542045e-16
       7350.0000   5.7071808e-16
       7360.0000   5.7123459e-16
       7370.0000   5.7235791e-16
       7380.0000   5.7510037e-16
       7390.0000   5.6452428e-16
       7400.0000   5.6214263e-16
       7410.0000   5.5167100e-16
       7420.0000   5.4695793e-16
       7430.0000   5.3504417e-16
       7440.0000   5.3051717e-16
       7450.0000   5.2054975e-16
       7460.0000   5.1972262e-16
       7470.0000   5.2194083e-16
       7480.0000   5.2879297e-16
       7490.0000   5.3323296e-16
       7500.0000   5.3446467e-16
       7510.0000   5.3152851e-16
       7520.0000   5.3761224e-16
       7530.0000   5.5350476e-16
       7540.0000   5.6544437e-16
       7550.0000   5.6939521e-16
       7560.0000   5.5869834e-16
       7570.0000   5.5645773e-16
       7580.0000   5.2092994e-16
       7590.0000   4.7737502e-16
       7600.0000   4.4743295e-16
       7610.0000   4.3168698e-16
       7620.0000   4.0116233e-16
       7630.0000   3.3749642e-16
       7640.0000   2.6258547e-16
       7650.0000   1.8320296e-16
       7660.0000   1.2183206e-16
       7670.0000   1.1932000e-16
       7680.0000   1.4241807e-16
       7690.0000   1.4018142e-16
       7700.0000   1.4742965e-16
       7710.0000   1.9241036e-16
       7720.0000   2.8924502e-16
       7730.0000   3.6433183e-16
       7740.0000   4.0876036e-16
       7750.0000   4.3326939e-16
       7760.0000   4.5768656e-16
       7770.0000   4.7600127e-16
       7780.0000   4.8857004e-16
       7790.0000   4.5274564e-16
       7800.0000   4.7922701e-16
       7810.0000   5.0430103e-16
       7820.0000   5.5638642e-16
       7830.0000   5.6962690e-16
       7840.0000   5.8901881e-16
       7850.0000   6.1370528e-16
       7860.0000   6.0804543e-16
       7870.0000   6.1511619e-16
       7880.0000   6.2566540e-16
       7890.0000   6.4120372e-16
       7900.0000   6.3428008e-16
       7910.0000   6.2787102e-16
       7920.0000   6.3844350e-16
       7930.0000   6.4728288e-16
       7940.0000   6.1834933e-16
       7950.0000   6.2913285e-16
       7960.0000   6.5687699e-16
       7970.0000   7.1124896e-16
       7980.0000   7.1153952e-16
       7990.0000   7.1277967e-16
       8000.0000   7.3657866e-16
       8010.0000   7.8288231e-16
       8020.0000   8.3423652e-16
       8030.0000   8.7347609e-16
       8040.0000   9.3022099e-16
       8050.0000   9.8137006e-16
       8060.0000   1.0431239e-15
       8070.0000   1.1044786e-15
       8080.0000   1.1586454e-15
       8090.0000   1.1903424e-15
       8100.0000   1.2304029e-15
       8110.0000   1.2744397e-15
       8120.0000   1.3606793e-15
       8130.0000   1.4076837e-15
       8140.0000   1.4280665e-15
       8150.0000   1.4486894e-15
       8160.0000   1.4979491e-15
       8170.0000   1.4502226e-15
       8180.0000   1.3617633e-15
       8190.0000   1.2577327e-15
       8200.0000   1.3008322e-15
       8210.0000   1.3982567e-15
       8220.0000   1.5318108e-15
       8230.0000   1.6102221e-15
       8240.0000   1.6554725e-15
       8250.0000   1.6628589e-15
       8260.0000   1.6504663e-15
       8270.0000   1.6418326e-15
       8280.0000   1.6010122e-15
       8290.0000   1.5476449e-15
       8300.0000   1.4992342e-15
       8310.0000   1.5244022e-15
       8320.0000   1.5536917e-15
       8330.0000   1.5857898e-15
       8340.0000   1.5874428e-15
       8350.0000   1.6015161e-15
       8360.0000   1.6269011e-15
       8370.0000   1.6427096e-15
       8380.0000   1.6275497e-15
       8390.0000   1.6282044e-15
       8400.0000   1.6670629e-15
       8410.0000   1.7070214e-15
       8420.0000   1.6756680e-15
       8430.0000   1.5641540e-15
       8440.0000   1.4085230e-15
       8450.0000   1.2798812e-15
       8460.0000   1.2180449e-15
       8470.0000   1.2060686e-15
       8480.0000   1.2335511e-15
       8490.0000   1.2558664e-15
       8500.0000   1.2810686e-15
       8510.0000   1.2274051e-15
       8520.0000   1.2515497e-15
       8530.0000   1.2847459e-15
       8540.0000   1.4065342e-15
       8550.0000   1.4555193e-15
       8560.0000   1.4974610e-15
       8570.0000   1.5071816e-15
       8580.0000   1.5243411e-15
       8590.0000   1.5478739e-15
       8600.0000   1.4926219e-15
       8610.0000   1.3651135e-15
       8620.0000   1.2223862e-15
       8630.0000   1.1368510e-15
       8640.0000   1.1864222e-15
       8650.0000   1.2680674e-15
       8660.0000   1.3163137e-15
       8670.0000   1.3583627e-15
       8680.0000   1.2851619e-15
       8690.0000   1.2081379e-15
       8700.0000   1.0872455e-15
       8710.0000   1.0207214e-15
       8720.0000   1.0726870e-15
       8730.0000   1.1463429e-15
       8740.0000   1.2296117e-15
       8750.0000   1.2841072e-15
       8760.0000   1.3908740e-15
       8770.0000   1.4428686e-15
       8780.0000   1.5020660e-15
       8790.0000   1.5227505e-15
       8800.0000   1.5698669e-15
       8810.0000   1.6307356e-15
       8820.0000   1.6954307e-15
       8830.0000   1.7939233e-15
       8840.0000   1.7842088e-15
       8850.0000   1.7760390e-15
       8860.0000   1.6145588e-15
       8870.0000   1.5888242e-15
       8880.0000   1.5627516e-15
       8890.0000   1.6389883e-15
       8900.0000   1.6651416e-15
       8910.0000   1.7119495e-15
       8920.0000   1.8206679e-15
       8930.0000   1.7675614e-15
       8940.0000   1.7659047e-15
       8950.0000   1.7695081e-15
       8960.0000   1.8389666e-15
       8970.0000   1.9977041e-15
       8980.0000   2.0437130e-15
       8990.0000   2.1432970e-15
       9000.0000   2.1757048e-15
       9010.0000   2.0913264e-15
       9020.0000   2.1262637e-15
       9030.0000   2.1607299e-15
       9040.0000   2.2019742e-15
       9050.0000   2.2255970e-15
       9060.0000   2.1470709e-15
       9070.0000   2.1337770e-15
       9080.0000   2.2350458e-15
       9090.0000   2.3746753e-15
       9100.0000   2.4567864e-15
       9110.0000   2.5620556e-15
       9120.0000   2.6288045e-15
       9130.0000   2.6600718e-15
       9140.0000   2.7070403e-15
       9150.0000   2.7768655e-15
       9160.0000   2.8545998e-15
       9170.0000   2.9082864e-15
       9180.0000   2.9498520e-15
       9190.0000   3.4151030e-15
       9200.0000   3.3468595e-15
       9210.0000   3.1336749e-15
       9220.0000   3.0315411e-15
       9230.0000   2.9963159e-15
       9240.0000   2.9610906e-15
       9250.0000   2.9278048e-15
       9260.0000   2.9117857e-15
       9270.0000   2.8957666e-15
       9280.0000   2.8797475e-15
       9290.0000   2.8779389e-15
       9300.0000   2.8872534e-15
       9310.0000   2.8965678e-15
       9320.0000   2.9059442e-15
       9330.0000   2.9357141e-15
       9340.0000   2.9654840e-15
       9350.0000   2.9952539e-15
       9360.0000   3.0300258e-15
       9370.0000   3.0714554e-15
       9380.0000   3.1128850e-15
       9390.0000   3.1543146e-15
       9400.0000   3.1962759e-15
       9410.0000   3.2383408e-15
       9420.0000   3.2804057e-15
       9430.0000   3.3240247e-15
       9440.0000   3.3728762e-15
       9450.0000   3.4217277e-15
       9460.0000   3.4705792e-15
       9470.0000   3.5165630e-15
       9480.0000   3.5606665e-15
       9490.0000   3.6047700e-15
       9500.0000   3.6488735e-15
       9510.0000   3.6598811e-15
       9520.0000   3.6696166e-15
       9530.0000   3.6793522e-15
       9540.0000   3.6780689e-15
       9550.0000   3.6518018e-15
       9560.0000   3.6255346e-15
       9570.0000   3.5992674e-15
       9580.0000   3.5898884e-15
       9590.0000   3.5903005e-15
       9600.0000   3.5907125e-15
       9610.0000   3.5911245e-15
       9620.0000   3.6015133e-15
       9630.0000   3.6125054e-15
       9640.0000   3.6234976e-15
       9650.0000   3.6434507e-15
       9660.0000   3.6920960e-15
       9670.0000   3.7407413e-15
       9680.0000   3.7893867e-15
       9690.0000   3.8299215e-15
       9700.0000   3.8629086e-15
       9710.0000   3.8958957e-15
       9720.0000   3.9288828e-15
       9730.0000   3.9587282e-15
       9740.0000   3.9876980e-15
       9750.0000   4.0166678e-15
       9760.0000   4.0456951e-15
       9770.0000   4.0765251e-15
       9780.0000   4.1073550e-15
       9790.0000   4.1381849e-15
       9800.0000   4.1609624e-15
       9810.0000   4.1613990e-15
       9820.0000   4.1618357e-15
       9830.0000   4.1622723e-15
       9840.0000   4.1043549e-15
       9850.0000   3.9842213e-15
       9860.0000   3.8640878e-15
       9870.0000   3.7439542e-15
       9880.0000   3.6222056e-15
       9890.0000   3.4997246e-15
       9900.0000   3.3772435e-15
       9910.0000   3.2547625e-15
       9920.0000   3.1529863e-15
       9930.0000   3.0540864e-15
       9940.0000   2.9551866e-15
       9950.0000   2.8605785e-15
       9960.0000   2.8411508e-15
       9970.0000   2.8217232e-15
       9980.0000   2.8022955e-15
       9990.0000   2.7972217e-15
       10000.000   2.8442421e-15
       10010.000   2.8912626e-15
       10020.000   2.9382830e-15
       10030.000   2.9856271e-15
       10040.000   3.0335465e-15
       10050.000   3.0814660e-15
       10060.000   3.1293855e-15
       10070.000   3.1780712e-15
       10080.000   3.2275232e-15
       10090.000   3.2769751e-15
       10100.000   3.3264271e-15
       10110.000   3.3830783e-15
       10120.000   3.4441435e-15
       10130.000   3.5052086e-15
       10140.000   3.5662737e-15
       10150.000   3.5877081e-15
       10160.000   3.5944903e-15
       10170.000   3.6012725e-15
       10180.000   3.6080547e-15
       10190.000   3.6119707e-15
       10200.000   3.6152576e-15
       10210.000   3.6185446e-15
       10220.000   3.6218315e-15
       10230.000   3.6077404e-15
       10240.000   3.5917184e-15
       10250.000   3.5756964e-15
       10260.000   3.5596744e-15
       10270.000   3.5861179e-15
       10280.000   3.6138739e-15
       10290.000   3.6416299e-15
       10300.000   3.6699593e-15
       10310.000   3.7168435e-15
       10320.000   3.7637277e-15
       10330.000   3.8106118e-15
       10340.000   3.8584197e-15
       10350.000   3.9184960e-15
       10360.000   3.9785723e-15
       10370.000   4.0386486e-15
       10380.000   4.0968740e-15
       10390.000   4.1384417e-15
       10400.000   4.1800093e-15
       10410.000   4.2215770e-15
       10420.000   4.2599201e-15
       10430.000   4.2746207e-15
       10440.000   4.2893213e-15
       10450.000   4.3040218e-15
       10460.000   4.3157661e-15
       10470.000   4.3077395e-15
       10480.000   4.2997129e-15
       10490.000   4.2916863e-15
       10500.000   4.2809347e-15
       10510.000   4.2519434e-15
       10520.000   4.2229522e-15
       10530.000   4.1939610e-15
       10540.000   4.1662192e-15
       10550.000   4.1476382e-15
       10560.000   4.1290573e-15
       10570.000   4.1104763e-15
       10580.000   4.0963121e-15
       10590.000   4.1267839e-15
       10600.000   4.1572557e-15
       10610.000   4.1877275e-15
       10620.000   4.2179463e-15
       10630.000   4.2442049e-15
       10640.000   4.2704634e-15
       10650.000   4.2967220e-15
       10660.000   4.3232842e-15
       10670.000   4.3797308e-15
       10680.000   4.4361774e-15
       10690.000   4.4926240e-15
       10700.000   4.5490705e-15
       10710.000   4.6038126e-15
       10720.000   4.6584650e-15
       10730.000   4.7131174e-15
       10740.000   4.7677697e-15
       10750.000   4.7930564e-15
       10760.000   4.8143380e-15
       10770.000   4.8356195e-15
       10780.000   4.8569011e-15
       10790.000   4.9010024e-15
       10800.000   4.9504546e-15
       10810.000   4.9999067e-15
       10820.000   5.0493589e-15
       10830.000   5.0930763e-15
       10840.000   5.1345627e-15
       10850.000   5.1760491e-15
       10860.000   5.2175354e-15
       10870.000   5.2485385e-15
       10880.000   5.2733841e-15
       10890.000   5.2982297e-15
       10900.000   5.3230754e-15
       10910.000   5.3288493e-15
       10920.000   5.3170201e-15
       10930.000   5.3051909e-15
       10940.000   5.2933616e-15
       10950.000   5.2786783e-15
       10960.000   5.2597138e-15
       10970.000   5.2407494e-15
       10980.000   5.2217849e-15
       10990.000   5.2085118e-15
       11000.000   5.2098676e-15
       11010.000   5.2112235e-15
       11020.000   5.2125794e-15
       11030.000   5.2126664e-15
       11040.000   5.2055633e-15
       11050.000   5.1984602e-15
       11060.000   5.1913570e-15
       11070.000   5.1842549e-15
       11080.000   5.1772456e-15
       11090.000   5.1702364e-15
       11100.000   5.1632272e-15
       11110.000   5.1562180e-15
       11120.000   5.1533023e-15
       11130.000   5.1510533e-15
       11140.000   5.1488043e-15
       11150.000   5.1465553e-15
       11160.000   5.1655901e-15
       11170.000   5.1937506e-15
       11180.000   5.2219112e-15
       11190.000   5.2500718e-15
       11200.000   5.2682400e-15
       11210.000   5.2778975e-15
       11220.000   5.2875550e-15
       11230.000   5.2972125e-15
       11240.000   5.3091610e-15
       11250.000   5.3251814e-15
       11260.000   5.3412018e-15
       11270.000   5.3572222e-15
       11280.000   5.3588248e-15
       11290.000   5.2947379e-15
       11300.000   5.2306509e-15
       11310.000   5.1665640e-15
       11320.000   5.1024771e-15
       11330.000   5.0302769e-15
       11340.000   4.9580768e-15
       11350.000   4.8858767e-15
       11360.000   4.8136765e-15
       11370.000   4.7791014e-15
       11380.000   4.7539325e-15
       11390.000   4.7287636e-15
       11400.000   4.7035948e-15
       11410.000   4.7326299e-15
       11420.000   4.7978156e-15
       11430.000   4.8630014e-15
       11440.000   4.9281872e-15
       11450.000   4.9928748e-15
       11460.000   5.0567829e-15
       11470.000   5.1206911e-15
       11480.000   5.1845993e-15
       11490.000   5.2457319e-15
       11500.000   5.2942187e-15
       11510.000   5.3427055e-15
       11520.000   5.3911924e-15
       11530.000   5.4396792e-15
       11540.000   5.4516086e-15
       11550.000   5.4620134e-15
       11560.000   5.4724181e-15
       11570.000   5.4828228e-15
       11580.000   5.4710935e-15
       11590.000   5.4511810e-15
       11600.000   5.4312685e-15
       11610.000   5.4113560e-15
       11620.000   5.3681248e-15
       11630.000   5.3015749e-15
       11640.000   5.2350251e-15
       11650.000   5.1684752e-15
       11660.000   5.1072997e-15
       11670.000   5.0614237e-15
       11680.000   5.0155477e-15
       11690.000   4.9696717e-15
       11700.000   4.9235238e-15
       11710.000   4.8640010e-15
       11720.000   4.8044782e-15
       11730.000   4.7449554e-15
       11740.000   4.6854325e-15
       11750.000   4.6848099e-15
       11760.000   4.7017788e-15
       11770.000   4.7187477e-15
       11780.000   4.7357166e-15
       11790.000   4.7495891e-15
       11800.000   4.7606037e-15
       11810.000   4.7716182e-15
       11820.000   4.7826327e-15
       11830.000   4.8047969e-15
       11840.000   4.8586853e-15
       11850.000   4.9125737e-15
       11860.000   4.9664621e-15
       11870.000   5.0203505e-15
       11880.000   4.9916275e-15
       11890.000   4.9629045e-15
       11900.000   4.9341815e-15
       11910.000   4.9054586e-15
       11920.000   4.8599965e-15
       11930.000   4.8083426e-15
       11940.000   4.7566888e-15
       11950.000   4.7050349e-15
       11960.000   4.6598232e-15
       11970.000   4.6221722e-15
       11980.000   4.5845212e-15
       11990.000   4.5468703e-15
