       3000.0000   5.8421307e-21
       3010.0000   6.2325983e-21
       3020.0000   6.6459496e-21
       3030.0000   7.0833245e-21
       3040.0000   7.5459089e-21
       3050.0000   8.0349355e-21
       3060.0000   8.5516855e-21
       3070.0000   9.0974900e-21
       3080.0000   9.6737311e-21
       3090.0000   1.0281843e-20
       3100.0000   1.0923315e-20
       3110.0000   1.1599690e-20
       3120.0000   1.2312569e-20
       3130.0000   1.3063611e-20
       3140.0000   1.3854533e-20
       3150.0000   1.4687116e-20
       3160.0000   1.5563201e-20
       3170.0000   1.6484695e-20
       3180.0000   1.7453568e-20
       3190.0000   1.8471860e-20
       3200.0000   1.9541677e-20
       3210.0000   2.0665198e-20
       3220.0000   2.1844670e-20
       3230.0000   2.3082417e-20
       3240.0000   2.4380835e-20
       3250.0000   2.5742396e-20
       3260.0000   2.7169653e-20
       3270.0000   2.8665235e-20
       3280.0000   3.0231854e-20
       3290.0000   3.1872303e-20
       3300.0000   3.3589460e-20
       3310.0000   3.5386290e-20
       3320.0000   3.7265842e-20
       3330.0000   3.9231255e-20
       3340.0000   4.1285761e-20
       3350.0000   4.3432680e-20
       3360.0000   4.5675428e-20
       3370.0000   4.8017514e-20
       3380.0000   5.0462545e-20
       3390.0000   5.3014226e-20
       3400.0000   5.5676361e-20
       3410.0000   5.8452855e-20
       3420.0000   6.1347716e-20
       3430.0000   6.4365057e-20
       3440.0000   6.7509093e-20
       3450.0000   7.0784151e-20
       3460.0000   7.4194663e-20
       3470.0000   7.7745172e-20
       3480.0000   8.1440332e-20
       3490.0000   8.5284910e-20
       3500.0000   8.9283789e-20
       3510.0000   9.3441964e-20
       3520.0000   9.7764549e-20
       3530.0000   1.0225678e-19
       3540.0000   1.0692400e-19
       3550.0000   1.1177168e-19
       3560.0000   1.1680543e-19
       3570.0000   1.2203096e-19
       3580.0000   1.2745411e-19
       3590.0000   1.3308084e-19
       3600.0000   1.3891726e-19
       3610.0000   1.4496959e-19
       3620.0000   1.5124418e-19
       3630.0000   1.5774750e-19
       3640.0000   1.6448619e-19
       3650.0000   1.7146698e-19
       3660.0000   1.7869675e-19
       3670.0000   1.8618252e-19
       3680.0000   1.9393144e-19
       3690.0000   2.0195079e-19
       3700.0000   2.1024800e-19
       3710.0000   2.1883063e-19
       3720.0000   2.2770637e-19
       3730.0000   2.3688306e-19
       3740.0000   2.4636870e-19
       3750.0000   2.5617138e-19
       3760.0000   2.6629939e-19
       3770.0000   2.7676111e-19
       3780.0000   2.8756511e-19
       3790.0000   2.9872006e-19
       3800.0000   3.1023480e-19
       3810.0000   3.2211832e-19
       3820.0000   3.3437972e-19
       3830.0000   3.4702829e-19
       3840.0000   3.6007344e-19
       3850.0000   3.7352472e-19
       3860.0000   3.8739184e-19
       3870.0000   4.0168465e-19
       3880.0000   4.1641314e-19
       3890.0000   4.3158748e-19
       3900.0000   4.4721793e-19
       3910.0000   4.6331495e-19
       3920.0000   4.7988912e-19
       3930.0000   4.9695116e-19
       3940.0000   5.1451196e-19
       3950.0000   5.3258254e-19
       3960.0000   5.5117407e-19
       3970.0000   5.7029786e-19
       3980.0000   5.8996539e-19
       3990.0000   6.1018824e-19
       4000.0000   6.3097819e-19
       4010.0000   6.5234713e-19
       4020.0000   6.7430709e-19
       4030.0000   6.9687026e-19
       4040.0000   7.2004898e-19
       4050.0000   7.4385571e-19
       4060.0000   7.6830307e-19
       4070.0000   7.9340381e-19
       4080.0000   8.1917083e-19
       4090.0000   8.4561716e-19
       4100.0000   8.7275599e-19
       4110.0000   9.0060061e-19
       4120.0000   9.2916450e-19
       4130.0000   9.5846122e-19
       4140.0000   9.8850450e-19
       4150.0000   1.0193082e-18
       4160.0000   1.0508863e-18
       4170.0000   1.0832530e-18
       4180.0000   1.1164224e-18
       4190.0000   1.1504091e-18
       4200.0000   1.1852274e-18
       4210.0000   1.2208921e-18
       4220.0000   1.2574178e-18
       4230.0000   1.2948196e-18
       4240.0000   1.3331123e-18
       4250.0000   1.3723112e-18
       4260.0000   1.4124316e-18
       4270.0000   1.4534887e-18
       4280.0000   1.4954981e-18
       4290.0000   1.5384754e-18
       4300.0000   1.5824363e-18
       4310.0000   1.6273967e-18
       4320.0000   1.6733726e-18
       4330.0000   1.7203799e-18
       4340.0000   1.7684348e-18
       4350.0000   1.8175537e-18
       4360.0000   1.8677529e-18
       4370.0000   1.9190489e-18
       4380.0000   1.9714583e-18
       4390.0000   2.0249977e-18
       4400.0000   2.0796839e-18
       4410.0000   2.1355339e-18
       4420.0000   2.1925645e-18
       4430.0000   2.2507928e-18
       4440.0000   2.3102360e-18
       4450.0000   2.3709114e-18
       4460.0000   2.4328361e-18
       4470.0000   2.4960276e-18
       4480.0000   2.5605035e-18
       4490.0000   2.6262811e-18
       4500.0000   2.6933783e-18
       4510.0000   2.7618126e-18
       4520.0000   2.8316019e-18
       4530.0000   2.9027640e-18
       4540.0000   2.9753168e-18
       4550.0000   3.0492783e-18
       4560.0000   3.1246665e-18
       4570.0000   3.2014996e-18
       4580.0000   3.2797956e-18
       4590.0000   3.3595728e-18
       4600.0000   3.4408494e-18
       4610.0000   3.5236438e-18
       4620.0000   3.6079743e-18
       4630.0000   3.6938593e-18
       4640.0000   3.7813173e-18
       4650.0000   3.8703667e-18
       4660.0000   3.9610260e-18
       4670.0000   4.0533139e-18
       4680.0000   4.1472489e-18
       4690.0000   4.2428496e-18
       4700.0000   4.3401347e-18
       4710.0000   4.4391229e-18
       4720.0000   4.5398327e-18
       4730.0000   4.6422830e-18
       4740.0000   4.7464925e-18
       4750.0000   4.8524800e-18
       4760.0000   4.9602640e-18
       4770.0000   5.0698636e-18
       4780.0000   5.1812973e-18
       4790.0000   5.2945840e-18
       4800.0000   5.4097425e-18
       4810.0000   5.5267915e-18
       4820.0000   5.6457498e-18
       4830.0000   5.7666362e-18
       4840.0000   5.8894694e-18
       4850.0000   6.0142681e-18
       4860.0000   6.1410511e-18
       4870.0000   6.2698371e-18
       4880.0000   6.4006448e-18
       4890.0000   6.5334929e-18
       4900.0000   6.6683999e-18
       4910.0000   6.8053846e-18
       4920.0000   6.9444654e-18
       4930.0000   7.0856610e-18
       4940.0000   7.2289899e-18
       4950.0000   7.3744705e-18
       4960.0000   7.5221212e-18
       4970.0000   7.6719606e-18
       4980.0000   7.8240068e-18
       4990.0000   7.9782783e-18
       5000.0000   8.1347932e-18
       5010.0000   8.2935698e-18
       5020.0000   8.4546262e-18
       5030.0000   8.6179805e-18
       5040.0000   8.7836507e-18
       5050.0000   8.9516547e-18
       5060.0000   9.1220105e-18
       5070.0000   9.2947359e-18
       5080.0000   9.4698486e-18
       5090.0000   9.6473663e-18
       5100.0000   9.8273067e-18
       5110.0000   1.0009687e-17
       5120.0000   1.0194525e-17
       5130.0000   1.0381838e-17
       5140.0000   1.0571643e-17
       5150.0000   1.0763958e-17
       5160.0000   1.0958799e-17
       5170.0000   1.1156184e-17
       5180.0000   1.1356129e-17
       5190.0000   1.1558651e-17
       5200.0000   1.1763767e-17
       5210.0000   1.1971494e-17
       5220.0000   1.2181848e-17
       5230.0000   1.2394846e-17
       5240.0000   1.2610503e-17
       5250.0000   1.2828836e-17
       5260.0000   1.3049862e-17
       5270.0000   1.3273595e-17
       5280.0000   1.3500052e-17
       5290.0000   1.3729249e-17
       5300.0000   1.3961202e-17
       5310.0000   1.4195925e-17
       5320.0000   1.4433434e-17
       5330.0000   1.4673744e-17
       5340.0000   1.4916871e-17
       5350.0000   5.5249313e-17
       5360.0000   1.7710066e-17
       5370.0000   1.5822250e-17
       5380.0000   1.5175362e-17
       5390.0000   9.0935406e-18
       5400.0000   1.4070221e-17
       5410.0000   1.5440349e-17
       5420.0000   1.7878675e-17
       5430.0000   1.3993256e-17
       5440.0000   1.1632432e-17
       5450.0000   1.2821620e-17
       5460.0000   1.6864442e-17
       5470.0000   2.2104677e-17
       5480.0000   1.4678219e-17
       5490.0000   1.0994415e-17
       5500.0000   9.1063114e-18
       5510.0000   9.0177913e-18
       5520.0000   1.0265934e-17
       5530.0000   1.2372420e-17
       5540.0000   1.0682708e-17
       5550.0000   1.7780958e-17
       5560.0000   1.3336371e-17
       5570.0000   9.1720781e-18
       5580.0000   1.3876582e-17
       5590.0000   1.2668023e-17
       5600.0000   1.2397322e-17
       5610.0000   1.0709907e-17
       5620.0000   1.6698950e-17
       5630.0000   1.8207042e-17
       5640.0000   1.6843285e-17
       5650.0000   2.0277989e-17
       5660.0000   2.0158284e-17
       5670.0000   2.3349253e-17
       5680.0000   2.6271111e-17
       5690.0000   2.0195118e-17
       5700.0000   2.0672134e-17
       5710.0000   2.0412851e-17
       5720.0000   1.7928044e-17
       5730.0000   1.5763829e-17
       5740.0000   1.4231999e-17
       5750.0000   1.3209145e-17
       5760.0000   1.6188668e-17
       5770.0000   1.9956844e-17
       5780.0000   2.2491959e-17
       5790.0000   9.3190333e-18
       5800.0000   8.9518527e-18
       5810.0000   1.4480656e-17
       5820.0000   1.6240399e-17
       5830.0000   1.8412577e-17
       5840.0000   2.0115405e-17
       5850.0000   2.5188879e-17
       5860.0000   1.4158306e-17
       5870.0000   8.5185384e-18
       5880.0000   8.8431185e-18
       5890.0000   2.6257783e-17
       5900.0000   3.3906753e-17
       5910.0000   1.6436273e-17
       5920.0000   1.9338693e-17
       5930.0000   1.9519046e-17
       5940.0000   2.1892860e-17
       5950.0000   2.2923395e-17
       5960.0000   2.0004976e-17
       5970.0000   2.4028309e-17
       5980.0000   2.5836008e-17
       5990.0000   2.6538251e-17
       6000.0000   3.0345547e-17
       6010.0000   3.0474484e-17
       6020.0000   2.2490973e-17
       6030.0000   1.6380727e-17
       6040.0000   2.1918005e-17
       6050.0000   2.8621900e-17
       6060.0000   3.2922001e-17
       6070.0000   3.4973231e-17
       6080.0000   4.0762984e-17
       6090.0000   4.2526839e-17
       6100.0000   3.7439743e-17
       6110.0000   3.6064286e-17
       6120.0000   3.9496664e-17
       6130.0000   4.1910605e-17
       6140.0000   4.4578546e-17
       6150.0000   4.3851144e-17
       6160.0000   3.4006083e-17
       6170.0000   2.9131450e-17
       6180.0000   2.7508579e-17
       6190.0000   2.9907450e-17
       6200.0000   3.0488859e-17
       6210.0000   2.7573832e-17
       6220.0000   2.6951226e-17
       6230.0000   2.7717441e-17
       6240.0000   3.1960212e-17
       6250.0000   4.1484462e-17
       6260.0000   3.7906014e-17
       6270.0000   3.7851745e-17
       6280.0000   4.1809675e-17
       6290.0000   4.6166739e-17
       6300.0000   4.9056672e-17
       6310.0000   4.9533229e-17
       6320.0000   4.9110232e-17
       6330.0000   4.7210739e-17
       6340.0000   5.1555697e-17
       6350.0000   5.6168273e-17
       6360.0000   5.9940101e-17
       6370.0000   5.3980085e-17
       6380.0000   5.1393769e-17
       6390.0000   5.4135545e-17
       6400.0000   5.9219683e-17
       6410.0000   6.2584006e-17
       6420.0000   6.1461949e-17
       6430.0000   5.9554041e-17
       6440.0000   5.8881721e-17
       6450.0000   5.9125652e-17
       6460.0000   6.0433977e-17
       6470.0000   6.0706416e-17
       6480.0000   6.0471162e-17
       6490.0000   6.2777739e-17
       6500.0000   7.3003222e-17
       6510.0000   7.7762392e-17
       6520.0000   8.1297851e-17
       6530.0000   8.8846060e-17
       6540.0000   9.4036273e-17
       6550.0000   1.0131290e-16
       6560.0000   1.0370763e-16
       6570.0000   1.0150070e-16
       6580.0000   9.6054545e-17
       6590.0000   9.8829929e-17
       6600.0000   9.9623425e-17
       6610.0000   1.0441814e-16
       6620.0000   1.0715840e-16
       6630.0000   1.0721390e-16
       6640.0000   1.1524743e-16
       6650.0000   1.1265260e-16
       6660.0000   1.1260065e-16
       6670.0000   1.1506267e-16
       6680.0000   1.2221062e-16
       6690.0000   1.2253126e-16
       6700.0000   1.1711955e-16
       6710.0000   1.1863927e-16
       6720.0000   1.2838609e-16
       6730.0000   1.3167487e-16
       6740.0000   1.3275956e-16
       6750.0000   1.3451640e-16
       6760.0000   1.3810093e-16
       6770.0000   1.4044871e-16
       6780.0000   1.3610025e-16
       6790.0000   1.2895654e-16
       6800.0000   1.2551945e-16
       6810.0000   1.2375991e-16
       6820.0000   1.2538293e-16
       6830.0000   1.2888341e-16
       6840.0000   1.2657134e-16
       6850.0000   1.1627705e-16
       6860.0000   1.1285867e-16
       6870.0000   1.1742955e-16
       6880.0000   1.2179699e-16
       6890.0000   1.1859440e-16
       6900.0000   1.1867196e-16
       6910.0000   1.1685429e-16
       6920.0000   1.2980466e-16
       6930.0000   1.3423454e-16
       6940.0000   1.4395814e-16
       6950.0000   1.3990659e-16
       6960.0000   1.4221702e-16
       6970.0000   1.4491086e-16
       6980.0000   1.4907525e-16
       6990.0000   1.4810664e-16
       7000.0000   1.4574502e-16
       7010.0000   1.5551779e-16
       7020.0000   1.7068746e-16
       7030.0000   1.8981495e-16
       7040.0000   1.9939936e-16
       7050.0000   2.0202206e-16
       7060.0000   2.0280928e-16
       7070.0000   2.0347185e-16
       7080.0000   2.0329678e-16
       7090.0000   2.0259129e-16
       7100.0000   2.0261781e-16
       7110.0000   2.0695650e-16
       7120.0000   2.0945627e-16
       7130.0000   2.1312064e-16
       7140.0000   2.1838639e-16
       7150.0000   2.2241864e-16
       7160.0000   2.2941719e-16
       7170.0000   2.3668620e-16
       7180.0000   2.4001051e-16
       7190.0000   2.4742014e-16
       7200.0000   2.4961708e-16
       7210.0000   2.5629301e-16
       7220.0000   2.6106204e-16
       7230.0000   2.7463758e-16
       7240.0000   2.8192992e-16
       7250.0000   2.8955424e-16
       7260.0000   2.8947408e-16
       7270.0000   2.9068056e-16
       7280.0000   2.8638532e-16
       7290.0000   2.9544053e-16
       7300.0000   3.1677534e-16
       7310.0000   3.3710184e-16
       7320.0000   3.3891658e-16
       7330.0000   3.4091728e-16
       7340.0000   3.3726599e-16
       7350.0000   3.5014633e-16
       7360.0000   3.5849164e-16
       7370.0000   3.5839834e-16
       7380.0000   3.5337013e-16
       7390.0000   3.3578237e-16
       7400.0000   3.2887142e-16
       7410.0000   3.2704592e-16
       7420.0000   3.2616659e-16
       7430.0000   3.2555239e-16
       7440.0000   3.2007139e-16
       7450.0000   3.1544889e-16
       7460.0000   3.1539482e-16
       7470.0000   3.2299093e-16
       7480.0000   3.2781973e-16
       7490.0000   3.3454202e-16
       7500.0000   3.3186345e-16
       7510.0000   3.3780008e-16
       7520.0000   3.3406232e-16
       7530.0000   3.3679704e-16
       7540.0000   3.3063642e-16
       7550.0000   3.3184015e-16
       7560.0000   3.2861633e-16
       7570.0000   3.2769595e-16
       7580.0000   3.1505035e-16
       7590.0000   3.0710304e-16
       7600.0000   2.9200832e-16
       7610.0000   2.8099459e-16
       7620.0000   2.4191312e-16
       7630.0000   2.0388330e-16
       7640.0000   1.5417735e-16
       7650.0000   1.0926027e-16
       7660.0000   7.4390053e-17
       7670.0000   7.4287479e-17
       7680.0000   9.1394232e-17
       7690.0000   8.7884151e-17
       7700.0000   9.1955180e-17
       7710.0000   1.2494766e-16
       7720.0000   1.8504412e-16
       7730.0000   2.2951594e-16
       7740.0000   2.6574762e-16
       7750.0000   2.8448818e-16
       7760.0000   3.0200413e-16
       7770.0000   3.0705573e-16
       7780.0000   3.1898530e-16
       7790.0000   3.0145163e-16
       7800.0000   3.0988675e-16
       7810.0000   3.2296518e-16
       7820.0000   3.5899239e-16
       7830.0000   3.7101712e-16
       7840.0000   3.8198115e-16
       7850.0000   3.9553688e-16
       7860.0000   4.0207106e-16
       7870.0000   4.0661424e-16
       7880.0000   4.0993872e-16
       7890.0000   4.0471166e-16
       7900.0000   4.0798960e-16
       7910.0000   4.1517111e-16
       7920.0000   4.2765599e-16
       7930.0000   4.2905187e-16
       7940.0000   4.0204154e-16
       7950.0000   4.1403830e-16
       7960.0000   4.3297279e-16
       7970.0000   4.6351388e-16
       7980.0000   4.4731989e-16
       7990.0000   4.4492132e-16
       8000.0000   4.5950342e-16
       8010.0000   4.9322608e-16
       8020.0000   5.2280707e-16
       8030.0000   5.3997368e-16
       8040.0000   5.6558040e-16
       8050.0000   5.8163245e-16
       8060.0000   6.0610356e-16
       8070.0000   6.3782904e-16
       8080.0000   6.5917867e-16
       8090.0000   6.8195630e-16
       8100.0000   7.0307117e-16
       8110.0000   7.2721205e-16
       8120.0000   7.5858699e-16
       8130.0000   7.7588423e-16
       8140.0000   7.8596686e-16
       8150.0000   8.0369370e-16
       8160.0000   8.3000341e-16
       8170.0000   8.0865104e-16
       8180.0000   7.6947577e-16
       8190.0000   7.2923790e-16
       8200.0000   7.5713655e-16
       8210.0000   8.0623039e-16
       8220.0000   8.7506648e-16
       8230.0000   9.1123387e-16
       8240.0000   9.3025302e-16
       8250.0000   9.3892289e-16
       8260.0000   9.4402380e-16
       8270.0000   9.3714996e-16
       8280.0000   9.2987752e-16
       8290.0000   9.1881899e-16
       8300.0000   9.0283868e-16
       8310.0000   9.1204004e-16
       8320.0000   9.1382760e-16
       8330.0000   9.4394234e-16
       8340.0000   9.5019048e-16
       8350.0000   9.6630995e-16
       8360.0000   9.5960609e-16
       8370.0000   9.6155822e-16
       8380.0000   9.4568125e-16
       8390.0000   9.5205311e-16
       8400.0000   9.7405162e-16
       8410.0000   1.0048603e-15
       8420.0000   1.0054496e-15
       8430.0000   9.5972350e-16
       8440.0000   8.8829006e-16
       8450.0000   8.1623352e-16
       8460.0000   8.0547500e-16
       8470.0000   8.0442654e-16
       8480.0000   8.1762922e-16
       8490.0000   8.2951687e-16
       8500.0000   8.3645473e-16
       8510.0000   8.0235287e-16
       8520.0000   8.0850619e-16
       8530.0000   8.2032813e-16
       8540.0000   8.9629909e-16
       8550.0000   9.2050113e-16
       8560.0000   9.3909584e-16
       8570.0000   9.3898016e-16
       8580.0000   9.4661288e-16
       8590.0000   9.5212799e-16
       8600.0000   9.1372755e-16
       8610.0000   8.3754165e-16
       8620.0000   7.5149642e-16
       8630.0000   7.0412491e-16
       8640.0000   7.3533310e-16
       8650.0000   7.8860677e-16
       8660.0000   8.3001197e-16
       8670.0000   8.5334349e-16
       8680.0000   7.9374016e-16
       8690.0000   7.3600397e-16
       8700.0000   6.6916299e-16
       8710.0000   6.3527807e-16
       8720.0000   6.5718093e-16
       8730.0000   6.8600599e-16
       8740.0000   7.2799648e-16
       8750.0000   7.6614067e-16
       8760.0000   8.3830149e-16
       8770.0000   8.7729702e-16
       8780.0000   9.0634886e-16
       8790.0000   9.0478549e-16
       8800.0000   9.1116386e-16
       8810.0000   9.5494329e-16
       8820.0000   1.0217590e-15
       8830.0000   1.0634560e-15
       8840.0000   1.0732352e-15
       8850.0000   1.0257260e-15
       8860.0000   9.6334873e-16
       8870.0000   9.7021706e-16
       8880.0000   9.5619990e-16
       8890.0000   1.0053292e-15
       8900.0000   1.0170893e-15
       8910.0000   1.0538628e-15
       8920.0000   1.1078796e-15
       8930.0000   1.0752681e-15
       8940.0000   1.0536501e-15
       8950.0000   1.0682218e-15
       8960.0000   1.1045603e-15
       8970.0000   1.1805389e-15
       8980.0000   1.1756982e-15
       8990.0000   1.2391012e-15
       9000.0000   1.2489018e-15
       9010.0000   1.1912511e-15
       9020.0000   1.2274522e-15
       9030.0000   1.2472368e-15
       9040.0000   1.2697627e-15
       9050.0000   1.2775467e-15
       9060.0000   1.2492765e-15
       9070.0000   1.2404868e-15
       9080.0000   1.3014365e-15
       9090.0000   1.3618674e-15
       9100.0000   1.4156372e-15
       9110.0000   1.4718486e-15
       9120.0000   1.5201850e-15
       9130.0000   1.5322672e-15
       9140.0000   1.5612252e-15
       9150.0000   1.6016545e-15
       9160.0000   1.6325620e-15
       9170.0000   1.6733230e-15
       9180.0000   1.6850598e-15
       9190.0000   1.9519585e-15
       9200.0000   1.8727905e-15
       9210.0000   1.8133179e-15
       9220.0000   1.7538453e-15
       9230.0000   1.7213119e-15
       9240.0000   1.7128581e-15
       9250.0000   1.7044042e-15
       9260.0000   1.6959504e-15
       9270.0000   1.7000166e-15
       9280.0000   1.7040829e-15
       9290.0000   1.7081492e-15
       9300.0000   1.7122596e-15
       9310.0000   1.7164231e-15
       9320.0000   1.7205866e-15
       9330.0000   1.7247501e-15
       9340.0000   1.7251226e-15
       9350.0000   1.7250315e-15
       9360.0000   1.7249403e-15
       9370.0000   1.7392272e-15
       9380.0000   1.7852179e-15
       9390.0000   1.8312086e-15
       9400.0000   1.8771992e-15
       9410.0000   1.9090900e-15
       9420.0000   1.9353590e-15
       9430.0000   1.9616280e-15
       9440.0000   1.9891953e-15
       9450.0000   2.0281996e-15
       9460.0000   2.0672039e-15
       9470.0000   2.1062081e-15
       9480.0000   2.1290621e-15
       9490.0000   2.1338478e-15
       9500.0000   2.1386334e-15
       9510.0000   2.1434190e-15
       9520.0000   2.1342277e-15
       9530.0000   2.1220916e-15
       9540.0000   2.1099555e-15
       9550.0000   2.1018214e-15
       9560.0000   2.1142386e-15
       9570.0000   2.1266558e-15
       9580.0000   2.1390731e-15
       9590.0000   2.1422849e-15
       9600.0000   2.1357241e-15
       9610.0000   2.1291634e-15
       9620.0000   2.1226026e-15
       9630.0000   2.1246716e-15
       9640.0000   2.1290205e-15
       9650.0000   2.1333694e-15
       9660.0000   2.1393033e-15
       9670.0000   2.1632302e-15
       9680.0000   2.1871571e-15
       9690.0000   2.2110841e-15
       9700.0000   2.2358110e-15
       9710.0000   2.2619855e-15
       9720.0000   2.2881600e-15
       9730.0000   2.3143345e-15
       9740.0000   2.3346092e-15
       9750.0000   2.3511911e-15
       9760.0000   2.3677730e-15
       9770.0000   2.3843548e-15
       9780.0000   2.4089464e-15
       9790.0000   2.4348529e-15
       9800.0000   2.4607594e-15
       9810.0000   2.4815249e-15
       9820.0000   2.4490040e-15
       9830.0000   2.4164831e-15
       9840.0000   2.3839621e-15
       9850.0000   2.3439441e-15
       9860.0000   2.2866827e-15
       9870.0000   2.2294212e-15
       9880.0000   2.1721597e-15
       9890.0000   2.1090860e-15
       9900.0000   2.0402702e-15
       9910.0000   1.9714544e-15
       9920.0000   1.9026385e-15
       9930.0000   1.8544594e-15
       9940.0000   1.8156394e-15
       9950.0000   1.7768194e-15
       9960.0000   1.7379993e-15
       9970.0000   1.7342088e-15
       9980.0000   1.7361226e-15
       9990.0000   1.7380365e-15
       10000.000   1.7404854e-15
       10010.000   1.7738928e-15
       10020.000   1.8073002e-15
       10030.000   1.8407077e-15
       10040.000   1.8778554e-15
       10050.000   1.9346316e-15
       10060.000   1.9914078e-15
       10070.000   2.0481840e-15
       10080.000   2.0980353e-15
       10090.000   2.1309360e-15
       10100.000   2.1638367e-15
       10110.000   2.1967373e-15
       10120.000   2.2245218e-15
       10130.000   2.2449428e-15
       10140.000   2.2653637e-15
       10150.000   2.2857847e-15
       10160.000   2.2766686e-15
       10170.000   2.2391694e-15
       10180.000   2.2016702e-15
       10190.000   2.1641710e-15
       10200.000   2.1601791e-15
       10210.000   2.1785254e-15
       10220.000   2.1968717e-15
       10230.000   2.2152181e-15
       10240.000   2.2204597e-15
       10250.000   2.2195365e-15
       10260.000   2.2186134e-15
       10270.000   2.2176903e-15
       10280.000   2.2449165e-15
       10290.000   2.2820309e-15
       10300.000   2.3191453e-15
       10310.000   2.3562597e-15
       10320.000   2.3884281e-15
       10330.000   2.4193593e-15
       10340.000   2.4502905e-15
       10350.000   2.4812217e-15
       10360.000   2.4893405e-15
       10370.000   2.4931153e-15
       10380.000   2.4968902e-15
       10390.000   2.5006650e-15
       10400.000   2.5382672e-15
       10410.000   2.5809232e-15
       10420.000   2.6235792e-15
       10430.000   2.6662353e-15
       10440.000   2.6696017e-15
       10450.000   2.6676095e-15
       10460.000   2.6656173e-15
       10470.000   2.6636251e-15
       10480.000   2.6533568e-15
       10490.000   2.6420660e-15
       10500.000   2.6307753e-15
       10510.000   2.6194845e-15
       10520.000   2.6082379e-15
       10530.000   2.5969974e-15
       10540.000   2.5857569e-15
       10550.000   2.5745163e-15
       10560.000   2.5801305e-15
       10570.000   2.5884893e-15
       10580.000   2.5968481e-15
       10590.000   2.6052069e-15
       10600.000   2.6153418e-15
       10610.000   2.6258406e-15
       10620.000   2.6363393e-15
       10630.000   2.6468381e-15
       10640.000   2.6726562e-15
       10650.000   2.7023043e-15
       10660.000   2.7319523e-15
       10670.000   2.7616004e-15
       10680.000   2.7963611e-15
       10690.000   2.8328261e-15
       10700.000   2.8692912e-15
       10710.000   2.9057562e-15
       10720.000   2.9386350e-15
       10730.000   2.9699022e-15
       10740.000   3.0011694e-15
       10750.000   3.0324365e-15
       10760.000   3.0713113e-15
       10770.000   3.1148483e-15
       10780.000   3.1583853e-15
       10790.000   3.2019224e-15
       10800.000   3.2384261e-15
       10810.000   3.2689372e-15
       10820.000   3.2994483e-15
       10830.000   3.3299594e-15
       10840.000   3.3659868e-15
       10850.000   3.4087563e-15
       10860.000   3.4515259e-15
       10870.000   3.4942955e-15
       10880.000   3.5292734e-15
       10890.000   3.5497873e-15
       10900.000   3.5703012e-15
       10910.000   3.5908151e-15
       10920.000   3.6085513e-15
       10930.000   3.6174888e-15
       10940.000   3.6264263e-15
       10950.000   3.6353638e-15
       10960.000   3.6437979e-15
       10970.000   3.6485377e-15
       10980.000   3.6532775e-15
       10990.000   3.6580173e-15
       11000.000   3.6627571e-15
       11010.000   3.6362960e-15
       11020.000   3.6095179e-15
       11030.000   3.5827398e-15
       11040.000   3.5559617e-15
       11050.000   3.5367375e-15
       11060.000   3.5187435e-15
       11070.000   3.5007495e-15
       11080.000   3.4827554e-15
       11090.000   3.4841526e-15
       11100.000   3.4930902e-15
       11110.000   3.5020277e-15
       11120.000   3.5109653e-15
       11130.000   3.5073799e-15
       11140.000   3.4943481e-15
       11150.000   3.4813163e-15
       11160.000   3.4682845e-15
       11170.000   3.4781646e-15
       11180.000   3.5210207e-15
       11190.000   3.5638769e-15
       11200.000   3.6067330e-15
       11210.000   3.6393366e-15
       11220.000   3.6394809e-15
       11230.000   3.6396252e-15
       11240.000   3.6397695e-15
       11250.000   3.6389343e-15
       11260.000   3.6227416e-15
       11270.000   3.6065490e-15
       11280.000   3.5903564e-15
       11290.000   3.5741638e-15
       11300.000   3.5373559e-15
       11310.000   3.4977364e-15
       11320.000   3.4581169e-15
       11330.000   3.4184974e-15
       11340.000   3.3964349e-15
       11350.000   3.3822590e-15
       11360.000   3.3680830e-15
       11370.000   3.3539071e-15
       11380.000   3.3502443e-15
       11390.000   3.3575220e-15
       11400.000   3.3647997e-15
       11410.000   3.3720774e-15
       11420.000   3.3859581e-15
       11430.000   3.4160090e-15
       11440.000   3.4460599e-15
       11450.000   3.4761109e-15
       11460.000   3.5085064e-15
       11470.000   3.5678714e-15
       11480.000   3.6272364e-15
       11490.000   3.6866015e-15
       11500.000   3.7459665e-15
       11510.000   3.7556808e-15
       11520.000   3.7579709e-15
       11530.000   3.7602610e-15
       11540.000   3.7625511e-15
       11550.000   3.7629079e-15
       11560.000   3.7621769e-15
       11570.000   3.7614459e-15
       11580.000   3.7607149e-15
       11590.000   3.7538120e-15
       11600.000   3.7380298e-15
       11610.000   3.7222476e-15
       11620.000   3.7064654e-15
       11630.000   3.6892153e-15
       11640.000   3.6652768e-15
       11650.000   3.6413383e-15
       11660.000   3.6173998e-15
       11670.000   3.5934613e-15
       11680.000   3.5598385e-15
       11690.000   3.5255968e-15
       11700.000   3.4913551e-15
       11710.000   3.4571135e-15
       11720.000   3.4404526e-15
       11730.000   3.4313298e-15
       11740.000   3.4222071e-15
       11750.000   3.4130843e-15
       11760.000   3.4109337e-15
       11770.000   3.4173045e-15
       11780.000   3.4236753e-15
       11790.000   3.4300461e-15
       11800.000   3.4376874e-15
       11810.000   3.4507471e-15
       11820.000   3.4638068e-15
       11830.000   3.4768665e-15
       11840.000   3.4899262e-15
       11850.000   3.5148507e-15
       11860.000   3.5406685e-15
       11870.000   3.5664863e-15
       11880.000   3.5923041e-15
       11890.000   3.5722630e-15
       11900.000   3.5296268e-15
       11910.000   3.4869906e-15
       11920.000   3.4443543e-15
       11930.000   3.4045222e-15
       11940.000   3.3688961e-15
       11950.000   3.3332700e-15
       11960.000   3.2976439e-15
       11970.000   3.2659538e-15
       11980.000   3.2605867e-15
       11990.000   3.2552196e-15
