       3000.0000   9.2578122e-22
       3010.0000   9.9372052e-22
       3020.0000   1.0660868e-21
       3030.0000   1.1431301e-21
       3040.0000   1.2251120e-21
       3050.0000   1.3123065e-21
       3060.0000   1.4050000e-21
       3070.0000   1.5034922e-21
       3080.0000   1.6080960e-21
       3090.0000   1.7191386e-21
       3100.0000   1.8369614e-21
       3110.0000   1.9619211e-21
       3120.0000   2.0943894e-21
       3130.0000   2.2347543e-21
       3140.0000   2.3834201e-21
       3150.0000   2.5408081e-21
       3160.0000   2.7073572e-21
       3170.0000   2.8835242e-21
       3180.0000   3.0697846e-21
       3190.0000   3.2666332e-21
       3200.0000   3.4745845e-21
       3210.0000   3.6941730e-21
       3220.0000   3.9259547e-21
       3230.0000   4.1705065e-21
       3240.0000   4.4284280e-21
       3250.0000   4.7003411e-21
       3260.0000   4.9868911e-21
       3270.0000   5.2887477e-21
       3280.0000   5.6066046e-21
       3290.0000   5.9411813e-21
       3300.0000   6.2932230e-21
       3310.0000   6.6635014e-21
       3320.0000   7.0528156e-21
       3330.0000   7.4619927e-21
       3340.0000   7.8918882e-21
       3350.0000   8.3433871e-21
       3360.0000   8.8174042e-21
       3370.0000   9.3148852e-21
       3380.0000   9.8368070e-21
       3390.0000   1.0384179e-20
       3400.0000   1.0958043e-20
       3410.0000   1.1559474e-20
       3420.0000   1.2189583e-20
       3430.0000   1.2849514e-20
       3440.0000   1.3540447e-20
       3450.0000   1.4263600e-20
       3460.0000   1.5020227e-20
       3470.0000   1.5811621e-20
       3480.0000   1.6639112e-20
       3490.0000   1.7504070e-20
       3500.0000   1.8407907e-20
       3510.0000   1.9352074e-20
       3520.0000   2.0338064e-20
       3530.0000   2.1367414e-20
       3540.0000   2.2441701e-20
       3550.0000   2.3562551e-20
       3560.0000   2.4731630e-20
       3570.0000   2.5950651e-20
       3580.0000   2.7221375e-20
       3590.0000   2.8545608e-20
       3600.0000   2.9925205e-20
       3610.0000   3.1362068e-20
       3620.0000   3.2858150e-20
       3630.0000   3.4415453e-20
       3640.0000   3.6036030e-20
       3650.0000   3.7721987e-20
       3660.0000   3.9475478e-20
       3670.0000   4.1298716e-20
       3680.0000   4.3193962e-20
       3690.0000   4.5163535e-20
       3700.0000   4.7209807e-20
       3710.0000   4.9335209e-20
       3720.0000   5.1542224e-20
       3730.0000   5.3833397e-20
       3740.0000   5.6211327e-20
       3750.0000   5.8678674e-20
       3760.0000   6.1238156e-20
       3770.0000   6.3892553e-20
       3780.0000   6.6644702e-20
       3790.0000   6.9497505e-20
       3800.0000   7.2453924e-20
       3810.0000   7.5516983e-20
       3820.0000   7.8689772e-20
       3830.0000   8.1975441e-20
       3840.0000   8.5377207e-20
       3850.0000   8.8898352e-20
       3860.0000   9.2542221e-20
       3870.0000   9.6312229e-20
       3880.0000   1.0021185e-19
       3890.0000   1.0424464e-19
       3900.0000   1.0841421e-19
       3910.0000   1.1272424e-19
       3920.0000   1.1717848e-19
       3930.0000   1.2178076e-19
       3940.0000   1.2653496e-19
       3950.0000   1.3144504e-19
       3960.0000   1.3651505e-19
       3970.0000   1.4174907e-19
       3980.0000   1.4715128e-19
       3990.0000   1.5272593e-19
       4000.0000   1.5847734e-19
       4010.0000   1.6440990e-19
       4020.0000   1.7052806e-19
       4030.0000   1.7683638e-19
       4040.0000   1.8333945e-19
       4050.0000   1.9004197e-19
       4060.0000   1.9694868e-19
       4070.0000   2.0406444e-19
       4080.0000   2.1139413e-19
       4090.0000   2.1894276e-19
       4100.0000   2.2671537e-19
       4110.0000   2.3471709e-19
       4120.0000   2.4295315e-19
       4130.0000   2.5142881e-19
       4140.0000   2.6014946e-19
       4150.0000   2.6912051e-19
       4160.0000   2.7834749e-19
       4170.0000   2.8783598e-19
       4180.0000   2.9759164e-19
       4190.0000   3.0762023e-19
       4200.0000   3.1792756e-19
       4210.0000   3.2851952e-19
       4220.0000   3.3940209e-19
       4230.0000   3.5058130e-19
       4240.0000   3.6206329e-19
       4250.0000   3.7385426e-19
       4260.0000   3.8596047e-19
       4270.0000   3.9838829e-19
       4280.0000   4.1114414e-19
       4290.0000   4.2423452e-19
       4300.0000   4.3766601e-19
       4310.0000   4.5144526e-19
       4320.0000   4.6557901e-19
       4330.0000   4.8007406e-19
       4340.0000   4.9493729e-19
       4350.0000   5.1017565e-19
       4360.0000   5.2579616e-19
       4370.0000   5.4180594e-19
       4380.0000   5.5821215e-19
       4390.0000   5.7502204e-19
       4400.0000   5.9224293e-19
       4410.0000   6.0988222e-19
       4420.0000   6.2794736e-19
       4430.0000   6.4644590e-19
       4440.0000   6.6538544e-19
       4450.0000   6.8477366e-19
       4460.0000   7.0461831e-19
       4470.0000   7.2492721e-19
       4480.0000   7.4570823e-19
       4490.0000   7.6696935e-19
       4500.0000   7.8871857e-19
       4510.0000   8.1096399e-19
       4520.0000   8.3371377e-19
       4530.0000   8.5697613e-19
       4540.0000   8.8075936e-19
       4550.0000   9.0507181e-19
       4560.0000   9.2992190e-19
       4570.0000   9.5531811e-19
       4580.0000   9.8126899e-19
       4590.0000   1.0077831e-18
       4600.0000   1.0348692e-18
       4610.0000   1.0625360e-18
       4620.0000   1.0907922e-18
       4630.0000   1.1196467e-18
       4640.0000   1.1491085e-18
       4650.0000   1.1791864e-18
       4660.0000   1.2098895e-18
       4670.0000   1.2412268e-18
       4680.0000   1.2732076e-18
       4690.0000   1.3058409e-18
       4700.0000   1.3391361e-18
       4710.0000   1.3731024e-18
       4720.0000   1.4077491e-18
       4730.0000   1.4430856e-18
       4740.0000   1.4791214e-18
       4750.0000   1.5158660e-18
       4760.0000   1.5533289e-18
       4770.0000   1.5915196e-18
       4780.0000   1.6304479e-18
       4790.0000   1.6701233e-18
       4800.0000   1.7105557e-18
       4810.0000   1.7517547e-18
       4820.0000   1.7937301e-18
       4830.0000   1.8364918e-18
       4840.0000   1.8800497e-18
       4850.0000   1.9244137e-18
       4860.0000   1.9695937e-18
       4870.0000   2.0155997e-18
       4880.0000   2.0624418e-18
       4890.0000   2.1101299e-18
       4900.0000   2.1586743e-18
       4910.0000   2.2080850e-18
       4920.0000   2.2583721e-18
       4930.0000   2.3095458e-18
       4940.0000   2.3616164e-18
       4950.0000   2.4145941e-18
       4960.0000   2.4684891e-18
       4970.0000   2.5233117e-18
       4980.0000   2.5790722e-18
       4990.0000   2.6357810e-18
       5000.0000   2.6934484e-18
       5010.0000   2.7520847e-18
       5020.0000   2.8117004e-18
       5030.0000   2.8723059e-18
       5040.0000   2.9339115e-18
       5050.0000   2.9965277e-18
       5060.0000   3.0601649e-18
       5070.0000   3.1248337e-18
       5080.0000   3.1905444e-18
       5090.0000   3.2573076e-18
       5100.0000   3.3251337e-18
       5110.0000   3.3940332e-18
       5120.0000   3.4640167e-18
       5130.0000   3.5350946e-18
       5140.0000   3.6072774e-18
       5150.0000   3.6805757e-18
       5160.0000   3.7549999e-18
       5170.0000   3.8305606e-18
       5180.0000   3.9072682e-18
       5190.0000   3.9851333e-18
       5200.0000   4.0641663e-18
       5210.0000   4.1443778e-18
       5220.0000   4.2257782e-18
       5230.0000   4.3083781e-18
       5240.0000   4.3921878e-18
       5250.0000   4.4772179e-18
       5260.0000   4.5634787e-18
       5270.0000   4.6509807e-18
       5280.0000   4.7397344e-18
       5290.0000   4.8297501e-18
       5300.0000   4.9210382e-18
       5310.0000   5.0136091e-18
       5320.0000   5.1074731e-18
       5330.0000   5.2026405e-18
       5340.0000   5.2991216e-18
       5350.0000   1.6476404e-17
       5360.0000   6.4663072e-18
       5370.0000   8.5582816e-18
       5380.0000   9.1275864e-18
       5390.0000   9.1505919e-18
       5400.0000   4.9049292e-18
       5410.0000   5.5845658e-18
       5420.0000   9.6849358e-18
       5430.0000   1.0826945e-17
       5440.0000   1.0179355e-17
       5450.0000   1.1287026e-17
       5460.0000   1.7602388e-17
       5470.0000   1.6117015e-17
       5480.0000   6.8152326e-18
       5490.0000   6.3358790e-18
       5500.0000   9.5454335e-18
       5510.0000   8.0492402e-18
       5520.0000   3.1256350e-18
       5530.0000  -1.9990478e-19
       5540.0000  -7.1310853e-19
       5550.0000   1.8317596e-18
       5560.0000   4.1819094e-18
       5570.0000   6.5167034e-18
       5580.0000   8.3833935e-18
       5590.0000   7.3189920e-18
       5600.0000   9.9784414e-18
       5610.0000   8.1969367e-18
       5620.0000   6.3639015e-18
       5630.0000   9.2080162e-18
       5640.0000   6.6346097e-18
       5650.0000   4.4260428e-18
       5660.0000   6.9400454e-18
       5670.0000   1.0365496e-17
       5680.0000   1.0571469e-17
       5690.0000   9.7084994e-18
       5700.0000   1.2197217e-17
       5710.0000   1.0780130e-17
       5720.0000   8.6284475e-18
       5730.0000   9.0232142e-18
       5740.0000   8.3983344e-18
       5750.0000   7.7434173e-18
       5760.0000   6.2068240e-18
       5770.0000   7.9501165e-18
       5780.0000   8.0785041e-18
       5790.0000   7.8453732e-18
       5800.0000   1.1140919e-17
       5810.0000   7.1968062e-18
       5820.0000   5.9374749e-18
       5830.0000   8.0070628e-18
       5840.0000   9.7897153e-18
       5850.0000   5.3326332e-18
       5860.0000  -1.1793975e-18
       5870.0000  -2.2647489e-18
       5880.0000  -9.0465894e-19
       5890.0000   5.9295371e-18
       5900.0000   3.4030166e-18
       5910.0000  -1.1090278e-18
       5920.0000   1.8901217e-18
       5930.0000   3.3562450e-18
       5940.0000   7.5320644e-18
       5950.0000   9.3448079e-18
       5960.0000   8.5410846e-18
       5970.0000   3.5538178e-18
       5980.0000   3.1431889e-18
       5990.0000   6.6181037e-18
       6000.0000   1.3361341e-17
       6010.0000   1.1787070e-17
       6020.0000   1.1983196e-17
       6030.0000   1.2735165e-17
       6040.0000   1.4000868e-17
       6050.0000   1.4128970e-17
       6060.0000   1.2179471e-17
       6070.0000   1.0428741e-17
       6080.0000   1.2530932e-17
       6090.0000   1.7967159e-17
       6100.0000   2.1340254e-17
       6110.0000   2.0027355e-17
       6120.0000   1.7680359e-17
       6130.0000   1.9954094e-17
       6140.0000   2.0970222e-17
       6150.0000   2.0455828e-17
       6160.0000   2.0472366e-17
       6170.0000   1.9851444e-17
       6180.0000   1.9083445e-17
       6190.0000   2.3531492e-17
       6200.0000   2.2452758e-17
       6210.0000   1.8462784e-17
       6220.0000   1.8552851e-17
       6230.0000   1.9562387e-17
       6240.0000   2.2960848e-17
       6250.0000   2.5093607e-17
       6260.0000   2.4744848e-17
       6270.0000   2.2176898e-17
       6280.0000   2.3259104e-17
       6290.0000   2.6521696e-17
       6300.0000   2.9361228e-17
       6310.0000   3.2053740e-17
       6320.0000   2.9618018e-17
       6330.0000   3.1807268e-17
       6340.0000   3.7109796e-17
       6350.0000   3.9937878e-17
       6360.0000   3.8171239e-17
       6370.0000   3.4335083e-17
       6380.0000   3.0701482e-17
       6390.0000   3.3529888e-17
       6400.0000   3.5081385e-17
       6410.0000   3.5414708e-17
       6420.0000   3.7108669e-17
       6430.0000   3.7042794e-17
       6440.0000   3.7857537e-17
       6450.0000   3.8444541e-17
       6460.0000   3.7437693e-17
       6470.0000   4.1154467e-17
       6480.0000   4.3490503e-17
       6490.0000   4.5073128e-17
       6500.0000   4.7595864e-17
       6510.0000   5.0540590e-17
       6520.0000   5.5678563e-17
       6530.0000   5.9700280e-17
       6540.0000   6.4597899e-17
       6550.0000   6.7763248e-17
       6560.0000   7.0229055e-17
       6570.0000   6.8489595e-17
       6580.0000   6.3912594e-17
       6590.0000   6.3857190e-17
       6600.0000   6.6857742e-17
       6610.0000   6.7811724e-17
       6620.0000   6.6802560e-17
       6630.0000   6.8820290e-17
       6640.0000   7.4097105e-17
       6650.0000   7.3511513e-17
       6660.0000   7.3741530e-17
       6670.0000   7.8265050e-17
       6680.0000   8.0968183e-17
       6690.0000   7.8811496e-17
       6700.0000   7.5090069e-17
       6710.0000   7.7011814e-17
       6720.0000   8.1995464e-17
       6730.0000   8.6375232e-17
       6740.0000   8.8910005e-17
       6750.0000   9.0154413e-17
       6760.0000   9.0671610e-17
       6770.0000   9.1759766e-17
       6780.0000   9.0495548e-17
       6790.0000   8.7557022e-17
       6800.0000   8.5810171e-17
       6810.0000   8.2104413e-17
       6820.0000   8.1666321e-17
       6830.0000   8.1191103e-17
       6840.0000   8.3386369e-17
       6850.0000   8.3169752e-17
       6860.0000   8.0619336e-17
       6870.0000   7.6878758e-17
       6880.0000   7.3787894e-17
       6890.0000   7.2201278e-17
       6900.0000   7.3063052e-17
       6910.0000   7.3858184e-17
       6920.0000   7.8582684e-17
       6930.0000   8.1262503e-17
       6940.0000   9.3907671e-17
       6950.0000   9.6944070e-17
       6960.0000   9.7325502e-17
       6970.0000   9.3743172e-17
       6980.0000   9.3142017e-17
       6990.0000   9.5988444e-17
       7000.0000   1.0015106e-16
       7010.0000   1.0365840e-16
       7020.0000   1.0954351e-16
       7030.0000   1.1975331e-16
       7040.0000   1.2663272e-16
       7050.0000   1.2643522e-16
       7060.0000   1.2340272e-16
       7070.0000   1.2640614e-16
       7080.0000   1.2928105e-16
       7090.0000   1.2894319e-16
       7100.0000   1.3128089e-16
       7110.0000   1.3445732e-16
       7120.0000   1.3373558e-16
       7130.0000   1.3293385e-16
       7140.0000   1.3755833e-16
       7150.0000   1.4361834e-16
       7160.0000   1.4868697e-16
       7170.0000   1.4867614e-16
       7180.0000   1.5393078e-16
       7190.0000   1.5902179e-16
       7200.0000   1.6236654e-16
       7210.0000   1.6328909e-16
       7220.0000   1.6431167e-16
       7230.0000   1.7137026e-16
       7240.0000   1.7619244e-16
       7250.0000   1.8178417e-16
       7260.0000   1.8291879e-16
       7270.0000   1.9259000e-16
       7280.0000   1.9506768e-16
       7290.0000   1.9532458e-16
       7300.0000   1.9855698e-16
       7310.0000   2.1050842e-16
       7320.0000   2.1520177e-16
       7330.0000   2.2181244e-16
       7340.0000   2.2017654e-16
       7350.0000   2.2097287e-16
       7360.0000   2.1649479e-16
       7370.0000   2.1501865e-16
       7380.0000   2.1639855e-16
       7390.0000   2.1160894e-16
       7400.0000   2.0909915e-16
       7410.0000   2.0669142e-16
       7420.0000   2.0409431e-16
       7430.0000   2.0228077e-16
       7440.0000   1.9876852e-16
       7450.0000   1.9872818e-16
       7460.0000   2.0056745e-16
       7470.0000   2.0245987e-16
       7480.0000   2.0117182e-16
       7490.0000   1.9894594e-16
       7500.0000   1.9889940e-16
       7510.0000   2.0050351e-16
       7520.0000   2.0001839e-16
       7530.0000   1.9984540e-16
       7540.0000   1.9684180e-16
       7550.0000   1.9579634e-16
       7560.0000   1.9106503e-16
       7570.0000   1.8765355e-16
       7580.0000   1.7779339e-16
       7590.0000   1.7088762e-16
       7600.0000   1.5389906e-16
       7610.0000   1.4426504e-16
       7620.0000   1.3042160e-16
       7630.0000   1.1187581e-16
       7640.0000   8.4168168e-17
       7650.0000   5.4818781e-17
       7660.0000   3.4587340e-17
       7670.0000   3.6453709e-17
       7680.0000   3.9819088e-17
       7690.0000   4.0075438e-17
       7700.0000   4.5588279e-17
       7710.0000   6.2558515e-17
       7720.0000   9.4406789e-17
       7730.0000   1.1570801e-16
       7740.0000   1.4066979e-16
       7750.0000   1.5672064e-16
       7760.0000   1.7202147e-16
       7770.0000   1.7737378e-16
       7780.0000   1.8099887e-16
       7790.0000   1.6362528e-16
       7800.0000   1.7075211e-16
       7810.0000   1.8515547e-16
       7820.0000   2.1310771e-16
       7830.0000   2.1991289e-16
       7840.0000   2.3423567e-16
       7850.0000   2.4752144e-16
       7860.0000   2.5494354e-16
       7870.0000   2.5567649e-16
       7880.0000   2.6512809e-16
       7890.0000   2.7253935e-16
       7900.0000   2.7695565e-16
       7910.0000   2.7798971e-16
       7920.0000   2.8200378e-16
       7930.0000   2.7763667e-16
       7940.0000   2.5753906e-16
       7950.0000   2.6512517e-16
       7960.0000   2.7196734e-16
       7970.0000   3.0103453e-16
       7980.0000   3.0490766e-16
       7990.0000   3.1385595e-16
       8000.0000   3.2250668e-16
       8010.0000   3.3637709e-16
       8020.0000   3.5133777e-16
       8030.0000   3.5943442e-16
       8040.0000   3.7357196e-16
       8050.0000   3.7921066e-16
       8060.0000   3.9782566e-16
       8070.0000   4.1441761e-16
       8080.0000   4.2883017e-16
       8090.0000   4.3778063e-16
       8100.0000   4.4517344e-16
       8110.0000   4.5358712e-16
       8120.0000   4.7456152e-16
       8130.0000   4.8557632e-16
       8140.0000   4.9493689e-16
       8150.0000   5.0220600e-16
       8160.0000   5.1535398e-16
       8170.0000   5.0441680e-16
       8180.0000   4.7980408e-16
       8190.0000   4.6178079e-16
       8200.0000   4.8136709e-16
       8210.0000   5.1452278e-16
       8220.0000   5.5193404e-16
       8230.0000   5.7280913e-16
       8240.0000   5.8791008e-16
       8250.0000   5.9618084e-16
       8260.0000   5.9850989e-16
       8270.0000   6.0422308e-16
       8280.0000   5.9925333e-16
       8290.0000   5.8975518e-16
       8300.0000   5.7126559e-16
       8310.0000   5.7845479e-16
       8320.0000   5.8440548e-16
       8330.0000   6.1012595e-16
       8340.0000   6.1865952e-16
       8350.0000   6.3074301e-16
       8360.0000   6.3873203e-16
       8370.0000   6.4226028e-16
       8380.0000   6.3934264e-16
       8390.0000   6.5262725e-16
       8400.0000   6.6339441e-16
       8410.0000   6.7649396e-16
       8420.0000   6.8218846e-16
       8430.0000   6.5808867e-16
       8440.0000   6.2735711e-16
       8450.0000   5.8135908e-16
       8460.0000   5.6944523e-16
       8470.0000   5.6147266e-16
       8480.0000   5.7263040e-16
       8490.0000   5.7477676e-16
       8500.0000   5.7998299e-16
       8510.0000   5.4653621e-16
       8520.0000   5.5586707e-16
       8530.0000   5.6570746e-16
       8540.0000   6.1734054e-16
       8550.0000   6.3381232e-16
       8560.0000   6.4305907e-16
       8570.0000   6.4438572e-16
       8580.0000   6.5212484e-16
       8590.0000   6.6437439e-16
       8600.0000   6.2285979e-16
       8610.0000   5.5966285e-16
       8620.0000   4.9049813e-16
       8630.0000   4.4658819e-16
       8640.0000   4.7344433e-16
       8650.0000   5.0724054e-16
       8660.0000   5.3031331e-16
       8670.0000   5.4709012e-16
       8680.0000   5.2068580e-16
       8690.0000   4.8747250e-16
       8700.0000   4.4295758e-16
       8710.0000   4.1504941e-16
       8720.0000   4.2704829e-16
       8730.0000   4.4777292e-16
       8740.0000   4.7712685e-16
       8750.0000   5.1169974e-16
       8760.0000   5.6570372e-16
       8770.0000   5.8711324e-16
       8780.0000   5.8974260e-16
       8790.0000   5.7531889e-16
       8800.0000   5.7628426e-16
       8810.0000   5.9940711e-16
       8820.0000   6.4533550e-16
       8830.0000   6.8027847e-16
       8840.0000   6.8832374e-16
       8850.0000   6.7148622e-16
       8860.0000   6.2625810e-16
       8870.0000   6.4908758e-16
       8880.0000   6.5319715e-16
       8890.0000   6.8636029e-16
       8900.0000   6.8744555e-16
       8910.0000   6.8730730e-16
       8920.0000   7.1605725e-16
       8930.0000   6.9051169e-16
       8940.0000   6.8297484e-16
       8950.0000   6.9305129e-16
       8960.0000   7.2804919e-16
       8970.0000   7.7987750e-16
       8980.0000   7.8090025e-16
       8990.0000   8.2709291e-16
       9000.0000   8.3322377e-16
       9010.0000   7.9397513e-16
       9020.0000   8.0030584e-16
       9030.0000   8.1215693e-16
       9040.0000   8.3234407e-16
       9050.0000   8.4621982e-16
       9060.0000   8.1881229e-16
       9070.0000   8.1903224e-16
       9080.0000   8.5925911e-16
       9090.0000   9.0594418e-16
       9100.0000   9.3381969e-16
       9110.0000   9.6214023e-16
       9120.0000   9.7540968e-16
       9130.0000   9.8780030e-16
       9140.0000   1.0110328e-15
       9150.0000   1.0371258e-15
       9160.0000   1.0563305e-15
       9170.0000   1.0767347e-15
       9180.0000   1.0918239e-15
       9190.0000   1.2944514e-15
       9200.0000   1.1718139e-15
       9210.0000   1.2233809e-15
       9220.0000   1.2424279e-15
       9230.0000   1.2614749e-15
       9240.0000   1.2784449e-15
       9250.0000   1.2603756e-15
       9260.0000   1.2423064e-15
       9270.0000   1.2242371e-15
       9280.0000   1.2055662e-15
       9290.0000   1.1863401e-15
       9300.0000   1.1671139e-15
       9310.0000   1.1478878e-15
       9320.0000   1.1829189e-15
       9330.0000   1.2198021e-15
       9340.0000   1.2566852e-15
       9350.0000   1.2895851e-15
       9360.0000   1.3164366e-15
       9370.0000   1.3432881e-15
       9380.0000   1.3701396e-15
       9390.0000   1.3739699e-15
       9400.0000   1.3724022e-15
       9410.0000   1.3708346e-15
       9420.0000   1.3720676e-15
       9430.0000   1.3840341e-15
       9440.0000   1.3960006e-15
       9450.0000   1.4079670e-15
       9460.0000   1.4260601e-15
       9470.0000   1.4484636e-15
       9480.0000   1.4708670e-15
       9490.0000   1.4932704e-15
       9500.0000   1.5203297e-15
       9510.0000   1.5476340e-15
       9520.0000   1.5749382e-15
       9530.0000   1.5950911e-15
       9540.0000   1.5983144e-15
       9550.0000   1.6015376e-15
       9560.0000   1.6047609e-15
       9570.0000   1.6086121e-15
       9580.0000   1.6128355e-15
       9590.0000   1.6170588e-15
       9600.0000   1.6212821e-15
       9610.0000   1.6106893e-15
       9620.0000   1.5992004e-15
       9630.0000   1.5877115e-15
       9640.0000   1.5848930e-15
       9650.0000   1.6092332e-15
       9660.0000   1.6335734e-15
       9670.0000   1.6579137e-15
       9680.0000   1.6727889e-15
       9690.0000   1.6791341e-15
       9700.0000   1.6854793e-15
       9710.0000   1.6918244e-15
       9720.0000   1.7100251e-15
       9730.0000   1.7313026e-15
       9740.0000   1.7525802e-15
       9750.0000   1.7746038e-15
       9760.0000   1.8117642e-15
       9770.0000   1.8489247e-15
       9780.0000   1.8860852e-15
       9790.0000   1.9106106e-15
       9800.0000   1.9034318e-15
       9810.0000   1.8962529e-15
       9820.0000   1.8890741e-15
       9830.0000   1.8620363e-15
       9840.0000   1.8157657e-15
       9850.0000   1.7694950e-15
       9860.0000   1.7232244e-15
       9870.0000   1.6693876e-15
       9880.0000   1.6125499e-15
       9890.0000   1.5557121e-15
       9900.0000   1.4988744e-15
       9910.0000   1.4495896e-15
       9920.0000   1.4010521e-15
       9930.0000   1.3525146e-15
       9940.0000   1.3054183e-15
       9950.0000   1.2729049e-15
       9960.0000   1.2403915e-15
       9970.0000   1.2078780e-15
       9980.0000   1.1892211e-15
       9990.0000   1.2110510e-15
       10000.000   1.2328810e-15
       10010.000   1.2547109e-15
       10020.000   1.2766358e-15
       10030.000   1.2986973e-15
       10040.000   1.3207587e-15
       10050.000   1.3428202e-15
       10060.000   1.3753151e-15
       10070.000   1.4166998e-15
       10080.000   1.4580845e-15
       10090.000   1.4994693e-15
       10100.000   1.5249590e-15
       10110.000   1.5426170e-15
       10120.000   1.5602751e-15
       10130.000   1.5779332e-15
       10140.000   1.5810379e-15
       10150.000   1.5800396e-15
       10160.000   1.5790413e-15
       10170.000   1.5780431e-15
       10180.000   1.5931927e-15
       10190.000   1.6105447e-15
       10200.000   1.6278967e-15
       10210.000   1.6452487e-15
       10220.000   1.6466232e-15
       10230.000   1.6473329e-15
       10240.000   1.6480427e-15
       10250.000   1.6487496e-15
       10260.000   1.6493869e-15
       10270.000   1.6500242e-15
       10280.000   1.6506615e-15
       10290.000   1.6549352e-15
       10300.000   1.6919371e-15
       10310.000   1.7289389e-15
       10320.000   1.7659408e-15
       10330.000   1.8003391e-15
       10340.000   1.8187362e-15
       10350.000   1.8371334e-15
       10360.000   1.8555305e-15
       10370.000   1.8726117e-15
       10380.000   1.8836968e-15
       10390.000   1.8947820e-15
       10400.000   1.9058672e-15
       10410.000   1.9165353e-15
       10420.000   1.9255354e-15
       10430.000   1.9345354e-15
       10440.000   1.9435355e-15
       10450.000   1.9536834e-15
       10460.000   1.9681506e-15
       10470.000   1.9826177e-15
       10480.000   1.9970849e-15
       10490.000   2.0076667e-15
       10500.000   2.0036374e-15
       10510.000   1.9996080e-15
       10520.000   1.9955786e-15
       10530.000   1.9896264e-15
       10540.000   1.9759780e-15
       10550.000   1.9623297e-15
       10560.000   1.9486813e-15
       10570.000   1.9381220e-15
       10580.000   1.9416373e-15
       10590.000   1.9451526e-15
       10600.000   1.9486679e-15
       10610.000   1.9552715e-15
       10620.000   1.9793758e-15
       10630.000   2.0034801e-15
       10640.000   2.0275844e-15
       10650.000   2.0516177e-15
       10660.000   2.0750130e-15
       10670.000   2.0984083e-15
       10680.000   2.1218036e-15
       10690.000   2.1453176e-15
       10700.000   2.1710926e-15
       10710.000   2.1968676e-15
       10720.000   2.2226425e-15
       10730.000   2.2484175e-15
       10740.000   2.2706827e-15
       10750.000   2.2929125e-15
       10760.000   2.3151424e-15
       10770.000   2.3373723e-15
       10780.000   2.3511292e-15
       10790.000   2.3640478e-15
       10800.000   2.3769664e-15
       10810.000   2.3898849e-15
       10820.000   2.4391335e-15
       10830.000   2.4958190e-15
       10840.000   2.5525046e-15
       10850.000   2.6091901e-15
       10860.000   2.6295408e-15
       10870.000   2.6364513e-15
       10880.000   2.6433618e-15
       10890.000   2.6502723e-15
       10900.000   2.6611308e-15
       10910.000   2.6743081e-15
       10920.000   2.6874855e-15
       10930.000   2.7006629e-15
       10940.000   2.7111748e-15
       10950.000   2.7192266e-15
       10960.000   2.7272784e-15
       10970.000   2.7353302e-15
       10980.000   2.7449260e-15
       10990.000   2.7568380e-15
       11000.000   2.7687499e-15
       11010.000   2.7806619e-15
       11020.000   2.7831731e-15
       11030.000   2.7602702e-15
       11040.000   2.7373672e-15
       11050.000   2.7144642e-15
       11060.000   2.6948755e-15
       11070.000   2.6974701e-15
       11080.000   2.7000647e-15
       11090.000   2.7026593e-15
       11100.000   2.7052539e-15
       11110.000   2.6981094e-15
       11120.000   2.6907659e-15
       11130.000   2.6834224e-15
       11140.000   2.6760789e-15
       11150.000   2.6844144e-15
       11160.000   2.6959595e-15
       11170.000   2.7075046e-15
       11180.000   2.7190497e-15
       11190.000   2.7303791e-15
       11200.000   2.7415974e-15
       11210.000   2.7528157e-15
       11220.000   2.7640340e-15
       11230.000   2.7695997e-15
       11240.000   2.7692832e-15
       11250.000   2.7689667e-15
       11260.000   2.7686502e-15
       11270.000   2.7647999e-15
       11280.000   2.7534410e-15
       11290.000   2.7420821e-15
       11300.000   2.7307233e-15
       11310.000   2.7170137e-15
       11320.000   2.6875698e-15
       11330.000   2.6581260e-15
       11340.000   2.6286821e-15
       11350.000   2.5992383e-15
       11360.000   2.5928509e-15
       11370.000   2.5879341e-15
       11380.000   2.5830174e-15
       11390.000   2.5781007e-15
       11400.000   2.5887268e-15
       11410.000   2.6048155e-15
       11420.000   2.6209043e-15
       11430.000   2.6369930e-15
       11440.000   2.6700219e-15
       11450.000   2.7180744e-15
       11460.000   2.7661269e-15
       11470.000   2.8141794e-15
       11480.000   2.8574602e-15
       11490.000   2.8905975e-15
       11500.000   2.9237347e-15
       11510.000   2.9568720e-15
       11520.000   2.9863763e-15
       11530.000   2.9831487e-15
       11540.000   2.9799211e-15
       11550.000   2.9766936e-15
       11560.000   2.9734660e-15
       11570.000   2.9568032e-15
       11580.000   2.9383097e-15
       11590.000   2.9198163e-15
       11600.000   2.9013228e-15
       11610.000   2.8817493e-15
       11620.000   2.8615941e-15
       11630.000   2.8414390e-15
       11640.000   2.8212839e-15
       11650.000   2.8027390e-15
       11660.000   2.7865114e-15
       11670.000   2.7702838e-15
       11680.000   2.7540563e-15
       11690.000   2.7336122e-15
       11700.000   2.6925704e-15
       11710.000   2.6515286e-15
       11720.000   2.6104868e-15
       11730.000   2.5694449e-15
       11740.000   2.5749109e-15
       11750.000   2.5844200e-15
       11760.000   2.5939290e-15
       11770.000   2.6034381e-15
       11780.000   2.6166195e-15
       11790.000   2.6316096e-15
       11800.000   2.6465996e-15
       11810.000   2.6615897e-15
       11820.000   2.6795626e-15
       11830.000   2.7018268e-15
       11840.000   2.7240911e-15
       11850.000   2.7463553e-15
       11860.000   2.7638129e-15
       11870.000   2.7540328e-15
       11880.000   2.7442528e-15
       11890.000   2.7344727e-15
       11900.000   2.7246927e-15
       11910.000   2.6967283e-15
       11920.000   2.6662838e-15
       11930.000   2.6358393e-15
       11940.000   2.6053948e-15
       11950.000   2.5807447e-15
       11960.000   2.5597998e-15
       11970.000   2.5388548e-15
       11980.000   2.5179099e-15
       11990.000   2.5034287e-15
