       3000.0000   1.2871444e-22
       3010.0000   1.3906888e-22
       3020.0000   1.5017104e-22
       3030.0000   1.6206847e-22
       3040.0000   1.7481129e-22
       3050.0000   1.8845229e-22
       3060.0000   2.0304712e-22
       3070.0000   2.1865433e-22
       3080.0000   2.3533555e-22
       3090.0000   2.5315558e-22
       3100.0000   2.7218255e-22
       3110.0000   2.9248806e-22
       3120.0000   3.1414729e-22
       3130.0000   3.3723917e-22
       3140.0000   3.6184652e-22
       3150.0000   3.8805622e-22
       3160.0000   4.1595931e-22
       3170.0000   4.4565124e-22
       3180.0000   4.7723196e-22
       3190.0000   5.1080612e-22
       3200.0000   5.4648325e-22
       3210.0000   5.8437791e-22
       3220.0000   6.2460990e-22
       3230.0000   6.6730445e-22
       3240.0000   7.1259238e-22
       3250.0000   7.6061032e-22
       3260.0000   8.1150091e-22
       3270.0000   8.6541299e-22
       3280.0000   9.2250182e-22
       3290.0000   9.8292928e-22
       3300.0000   1.0468641e-21
       3310.0000   1.1144821e-21
       3320.0000   1.1859664e-21
       3330.0000   1.2615076e-21
       3340.0000   1.3413041e-21
       3350.0000   1.4255623e-21
       3360.0000   1.5144968e-21
       3370.0000   1.6083307e-21
       3380.0000   1.7072959e-21
       3390.0000   1.8116334e-21
       3400.0000   1.9215932e-21
       3410.0000   2.0374349e-21
       3420.0000   2.1594282e-21
       3430.0000   2.2878524e-21
       3440.0000   2.4229976e-21
       3450.0000   2.5651642e-21
       3460.0000   2.7146637e-21
       3470.0000   2.8718187e-21
       3480.0000   3.0369633e-21
       3490.0000   3.2104436e-21
       3500.0000   3.3926176e-21
       3510.0000   3.5838557e-21
       3520.0000   3.7845411e-21
       3530.0000   3.9950701e-21
       3540.0000   4.2158521e-21
       3550.0000   4.4473104e-21
       3560.0000   4.6898821e-21
       3570.0000   4.9440189e-21
       3580.0000   5.2101866e-21
       3590.0000   5.4888666e-21
       3600.0000   5.7805552e-21
       3610.0000   6.0857645e-21
       3620.0000   6.4050225e-21
       3630.0000   6.7388735e-21
       3640.0000   7.0878786e-21
       3650.0000   7.4526158e-21
       3660.0000   7.8336805e-21
       3670.0000   8.2316859e-21
       3680.0000   8.6472631e-21
       3690.0000   9.0810618e-21
       3700.0000   9.5337504e-21
       3710.0000   1.0006016e-20
       3720.0000   1.0498567e-20
       3730.0000   1.1012129e-20
       3740.0000   1.1547449e-20
       3750.0000   1.2105296e-20
       3760.0000   1.2686458e-20
       3770.0000   1.3291745e-20
       3780.0000   1.3921989e-20
       3790.0000   1.4578043e-20
       3800.0000   1.5260784e-20
       3810.0000   1.5971111e-20
       3820.0000   1.6709945e-20
       3830.0000   1.7478233e-20
       3840.0000   1.8276945e-20
       3850.0000   1.9107073e-20
       3860.0000   1.9969637e-20
       3870.0000   2.0865679e-20
       3880.0000   2.1796270e-20
       3890.0000   2.2762502e-20
       3900.0000   2.3765498e-20
       3910.0000   2.4806403e-20
       3920.0000   2.5886392e-20
       3930.0000   2.7006666e-20
       3940.0000   2.8168453e-20
       3950.0000   2.9373010e-20
       3960.0000   3.0621621e-20
       3970.0000   3.1915600e-20
       3980.0000   3.3256288e-20
       3990.0000   3.4645058e-20
       4000.0000   3.6083309e-20
       4010.0000   3.7572473e-20
       4020.0000   3.9114011e-20
       4030.0000   4.0709415e-20
       4040.0000   4.2360208e-20
       4050.0000   4.4067943e-20
       4060.0000   4.5834206e-20
       4070.0000   4.7660615e-20
       4080.0000   4.9548819e-20
       4090.0000   5.1500500e-20
       4100.0000   5.3517374e-20
       4110.0000   5.5601188e-20
       4120.0000   5.7753723e-20
       4130.0000   5.9976796e-20
       4140.0000   6.2272256e-20
       4150.0000   6.4641985e-20
       4160.0000   6.7087902e-20
       4170.0000   6.9611959e-20
       4180.0000   7.2216145e-20
       4190.0000   7.4902483e-20
       4200.0000   7.7673031e-20
       4210.0000   8.0529885e-20
       4220.0000   8.3475174e-20
       4230.0000   8.6511066e-20
       4240.0000   8.9639764e-20
       4250.0000   9.2863509e-20
       4260.0000   9.6184578e-20
       4270.0000   9.9605284e-20
       4280.0000   1.0312798e-19
       4290.0000   1.0675506e-19
       4300.0000   1.1048894e-19
       4310.0000   1.1433209e-19
       4320.0000   1.1828702e-19
       4330.0000   1.2235626e-19
       4340.0000   1.2654240e-19
       4350.0000   1.3084805e-19
       4360.0000   1.3527587e-19
       4370.0000   1.3982856e-19
       4380.0000   1.4450884e-19
       4390.0000   1.4931951e-19
       4400.0000   1.5426336e-19
       4410.0000   1.5934325e-19
       4420.0000   1.6456207e-19
       4430.0000   1.6992275e-19
       4440.0000   1.7542827e-19
       4450.0000   1.8108163e-19
       4460.0000   1.8688589e-19
       4470.0000   1.9284413e-19
       4480.0000   1.9895948e-19
       4490.0000   2.0523511e-19
       4500.0000   2.1167424e-19
       4510.0000   2.1828010e-19
       4520.0000   2.2505599e-19
       4530.0000   2.3200524e-19
       4540.0000   2.3913122e-19
       4550.0000   2.4643733e-19
       4560.0000   2.5392702e-19
       4570.0000   2.6160377e-19
       4580.0000   2.6947113e-19
       4590.0000   2.7753265e-19
       4600.0000   2.8579194e-19
       4610.0000   2.9425265e-19
       4620.0000   3.0291845e-19
       4630.0000   3.1179309e-19
       4640.0000   3.2088031e-19
       4650.0000   3.3018393e-19
       4660.0000   3.3970779e-19
       4670.0000   3.4945576e-19
       4680.0000   3.5943177e-19
       4690.0000   3.6963977e-19
       4700.0000   3.8008377e-19
       4710.0000   3.9076779e-19
       4720.0000   4.0169592e-19
       4730.0000   4.1287225e-19
       4740.0000   4.2430095e-19
       4750.0000   4.3598619e-19
       4760.0000   4.4793221e-19
       4770.0000   4.6014325e-19
       4780.0000   4.7262362e-19
       4790.0000   4.8537766e-19
       4800.0000   4.9840973e-19
       4810.0000   5.1172424e-19
       4820.0000   5.2532564e-19
       4830.0000   5.3921839e-19
       4840.0000   5.5340703e-19
       4850.0000   5.6789608e-19
       4860.0000   5.8269015e-19
       4870.0000   5.9779384e-19
       4880.0000   6.1321181e-19
       4890.0000   6.2894874e-19
       4900.0000   6.4500936e-19
       4910.0000   6.6139841e-19
       4920.0000   6.7812069e-19
       4930.0000   6.9518100e-19
       4940.0000   7.1258421e-19
       4950.0000   7.3033519e-19
       4960.0000   7.4843885e-19
       4970.0000   7.6690014e-19
       4980.0000   7.8572404e-19
       4990.0000   8.0491554e-19
       5000.0000   8.2447969e-19
       5010.0000   8.4442155e-19
       5020.0000   8.6474622e-19
       5030.0000   8.8545880e-19
       5040.0000   9.0656447e-19
       5050.0000   9.2806838e-19
       5060.0000   9.4997575e-19
       5070.0000   9.7229181e-19
       5080.0000   9.9502182e-19
       5090.0000   1.0181711e-18
       5100.0000   1.0417448e-18
       5110.0000   1.0657485e-18
       5120.0000   1.0901874e-18
       5130.0000   1.1150669e-18
       5140.0000   1.1403924e-18
       5150.0000   1.1661694e-18
       5160.0000   1.1924033e-18
       5170.0000   1.2190996e-18
       5180.0000   1.2462638e-18
       5190.0000   1.2739013e-18
       5200.0000   1.3020178e-18
       5210.0000   1.3306188e-18
       5220.0000   1.3597098e-18
       5230.0000   1.3892965e-18
       5240.0000   1.4193845e-18
       5250.0000   1.4499793e-18
       5260.0000   1.4810867e-18
       5270.0000   1.5127124e-18
       5280.0000   1.5448619e-18
       5290.0000   1.5775410e-18
       5300.0000   1.6107554e-18
       5310.0000   1.6445109e-18
       5320.0000   1.6788131e-18
       5330.0000   1.7136679e-18
       5340.0000   1.7490810e-18
       5350.0000   1.0369666e-17
       5360.0000  -3.0579618e-18
       5370.0000  -3.1923511e-18
       5380.0000   1.1431235e-18
       5390.0000   1.1876917e-17
       5400.0000   1.1493965e-17
       5410.0000  -3.8239848e-18
       5420.0000  -3.3829691e-18
       5430.0000   3.6442168e-19
       5440.0000  -1.0863478e-18
       5450.0000   2.6770146e-18
       5460.0000  -1.1185612e-18
       5470.0000   1.0134708e-19
       5480.0000   8.9898393e-18
       5490.0000   1.0842666e-17
       5500.0000   4.8598412e-18
       5510.0000  -4.2675192e-18
       5520.0000   8.5259599e-19
       5530.0000   7.9852688e-18
       5540.0000   4.9981507e-18
       5550.0000   1.0299183e-20
       5560.0000   8.0814172e-19
       5570.0000   2.5632718e-17
       5580.0000   1.8843296e-17
       5590.0000   1.6120827e-18
       5600.0000   2.3734985e-18
       5610.0000   4.7768117e-18
       5620.0000  -1.2778050e-18
       5630.0000  -8.7127353e-18
       5640.0000   2.9563081e-18
       5650.0000   8.3806747e-18
       5660.0000   1.3637222e-18
       5670.0000   1.1732953e-18
       5680.0000   1.3707745e-17
       5690.0000   1.3181129e-17
       5700.0000   4.5710030e-18
       5710.0000  -3.4948375e-18
       5720.0000   2.7596234e-19
       5730.0000   3.8787805e-18
       5740.0000   8.8367428e-19
       5750.0000  -1.2888104e-18
       5760.0000  -1.6886944e-18
       5770.0000   1.1562633e-18
       5780.0000   6.1290863e-18
       5790.0000   1.7679960e-18
       5800.0000  -2.2752660e-18
       5810.0000  -1.2616483e-18
       5820.0000   3.8961112e-18
       5830.0000   8.6311595e-18
       5840.0000   2.9741880e-18
       5850.0000   8.9774380e-20
       5860.0000   4.3153301e-19
       5870.0000  -1.5511422e-18
       5880.0000  -1.1789924e-18
       5890.0000  -7.7346313e-19
       5900.0000  -9.0855975e-19
       5910.0000   1.8066962e-18
       5920.0000  -9.8961280e-19
       5930.0000  -4.3245654e-18
       5940.0000  -1.6459131e-18
       5950.0000  -1.5347649e-18
       5960.0000   4.5013089e-19
       5970.0000   1.3946653e-18
       5980.0000  -1.0753752e-18
       5990.0000  -6.2683417e-19
       6000.0000  -2.1836393e-19
       6010.0000   3.6871255e-18
       6020.0000   6.6645238e-18
       6030.0000   8.3816025e-18
       6040.0000   1.0122581e-17
       6050.0000   9.7224804e-18
       6060.0000   8.4716910e-18
       6070.0000   1.2726038e-17
       6080.0000   1.0290360e-17
       6090.0000   8.3778888e-18
       6100.0000   1.0042106e-17
       6110.0000   1.1802263e-17
       6120.0000   1.3938299e-17
       6130.0000   7.6060897e-18
       6140.0000   7.1091727e-18
       6150.0000   6.5060620e-18
       6160.0000   7.3932986e-18
       6170.0000   1.1173420e-17
       6180.0000   1.1070147e-17
       6190.0000   1.0736989e-17
       6200.0000   1.1493366e-17
       6210.0000   1.1876499e-17
       6220.0000   1.0944219e-17
       6230.0000   1.2113836e-17
       6240.0000   1.2577079e-17
       6250.0000   1.2764122e-17
       6260.0000   1.1481182e-17
       6270.0000   1.1199424e-17
       6280.0000   1.0736945e-17
       6290.0000   1.8609899e-17
       6300.0000   1.9056106e-17
       6310.0000   1.7243448e-17
       6320.0000   1.1117981e-17
       6330.0000   1.4913856e-17
       6340.0000   1.8934711e-17
       6350.0000   2.0023738e-17
       6360.0000   2.1621846e-17
       6370.0000   2.0920922e-17
       6380.0000   1.7387760e-17
       6390.0000   1.5440789e-17
       6400.0000   1.5953172e-17
       6410.0000   1.8659199e-17
       6420.0000   2.1335662e-17
       6430.0000   2.0586999e-17
       6440.0000   2.2079112e-17
       6450.0000   2.2120561e-17
       6460.0000   2.2317339e-17
       6470.0000   2.1051931e-17
       6480.0000   2.1011600e-17
       6490.0000   2.4233753e-17
       6500.0000   2.5209234e-17
       6510.0000   2.5223752e-17
       6520.0000   2.8043590e-17
       6530.0000   3.2273071e-17
       6540.0000   3.4267343e-17
       6550.0000   3.5012468e-17
       6560.0000   3.4562326e-17
       6570.0000   3.6883916e-17
       6580.0000   3.8134551e-17
       6590.0000   3.6539631e-17
       6600.0000   3.7805551e-17
       6610.0000   4.2106205e-17
       6620.0000   4.3193459e-17
       6630.0000   4.3829537e-17
       6640.0000   4.4014094e-17
       6650.0000   4.4969117e-17
       6660.0000   4.7049583e-17
       6670.0000   4.6292322e-17
       6680.0000   4.6797494e-17
       6690.0000   4.3504348e-17
       6700.0000   3.8633249e-17
       6710.0000   3.5569451e-17
       6720.0000   4.0202293e-17
       6730.0000   4.5943253e-17
       6740.0000   5.2177597e-17
       6750.0000   5.4828558e-17
       6760.0000   5.7060903e-17
       6770.0000   5.6095734e-17
       6780.0000   5.3216315e-17
       6790.0000   5.1681454e-17
       6800.0000   5.2104728e-17
       6810.0000   4.8091443e-17
       6820.0000   4.8142530e-17
       6830.0000   4.8872135e-17
       6840.0000   4.9570625e-17
       6850.0000   5.0598482e-17
       6860.0000   4.4323534e-17
       6870.0000   4.0999424e-17
       6880.0000   3.7094424e-17
       6890.0000   3.9565370e-17
       6900.0000   4.0191527e-17
       6910.0000   4.1749178e-17
       6920.0000   4.5661322e-17
       6930.0000   4.8584789e-17
       6940.0000   5.1140374e-17
       6950.0000   5.2740667e-17
       6960.0000   5.2803478e-17
       6970.0000   5.1291614e-17
       6980.0000   4.9347661e-17
       6990.0000   4.6624885e-17
       7000.0000   4.8315203e-17
       7010.0000   5.5446281e-17
       7020.0000   5.8378652e-17
       7030.0000   6.1717572e-17
       7040.0000   6.4884309e-17
       7050.0000   6.7424174e-17
       7060.0000   6.8087196e-17
       7070.0000   7.0137237e-17
       7080.0000   7.3863494e-17
       7090.0000   7.4368648e-17
       7100.0000   7.6029104e-17
       7110.0000   7.7267817e-17
       7120.0000   7.6437831e-17
       7130.0000   7.5454693e-17
       7140.0000   7.7413909e-17
       7150.0000   8.0308916e-17
       7160.0000   8.3024143e-17
       7170.0000   8.0792918e-17
       7180.0000   8.0620124e-17
       7190.0000   8.2975719e-17
       7200.0000   8.5766889e-17
       7210.0000   8.9641520e-17
       7220.0000   9.1054516e-17
       7230.0000   9.2954526e-17
       7240.0000   9.1435906e-17
       7250.0000   9.2843724e-17
       7260.0000   9.5386295e-17
       7270.0000   9.9540818e-17
       7280.0000   9.9938709e-17
       7290.0000   1.0060298e-16
       7300.0000   9.9962364e-17
       7310.0000   1.0528182e-16
       7320.0000   1.0395325e-16
       7330.0000   1.0634216e-16
       7340.0000   1.0486806e-16
       7350.0000   1.0505980e-16
       7360.0000   1.0176175e-16
       7370.0000   1.0137507e-16
       7380.0000   1.0234512e-16
       7390.0000   1.0221556e-16
       7400.0000   1.0116995e-16
       7410.0000   9.8693194e-17
       7420.0000   9.5316885e-17
       7430.0000   9.3026132e-17
       7440.0000   9.2106503e-17
       7450.0000   9.1635118e-17
       7460.0000   8.9762451e-17
       7470.0000   8.8316605e-17
       7480.0000   8.7640886e-17
       7490.0000   8.8396971e-17
       7500.0000   8.6971884e-17
       7510.0000   8.7369599e-17
       7520.0000   8.4832674e-17
       7530.0000   8.5543571e-17
       7540.0000   8.1974758e-17
       7550.0000   7.8593855e-17
       7560.0000   7.9716536e-17
       7570.0000   7.3879549e-17
       7580.0000   7.3125521e-17
       7590.0000   5.2089038e-17
       7600.0000   3.7699147e-17
       7610.0000   2.8833287e-17
       7620.0000   2.6974027e-17
       7630.0000   2.5944555e-17
       7640.0000   1.6411313e-17
       7650.0000   1.3129131e-17
       7660.0000   1.1499423e-17
       7670.0000   1.1702876e-17
       7680.0000   1.3196332e-17
       7690.0000   9.6159559e-18
       7700.0000   1.2559691e-17
       7710.0000   1.6278990e-17
       7720.0000   2.9056240e-17
       7730.0000   3.8059967e-17
       7740.0000   5.1527510e-17
       7750.0000   6.2385528e-17
       7760.0000   6.7331197e-17
       7770.0000   6.9099239e-17
       7780.0000   6.7795731e-17
       7790.0000   6.1317184e-17
       7800.0000   6.4878428e-17
       7810.0000   7.6241749e-17
       7820.0000   9.1084666e-17
       7830.0000   9.8060688e-17
       7840.0000   1.0391451e-16
       7850.0000   1.1438090e-16
       7860.0000   1.2029125e-16
       7870.0000   1.2502130e-16
       7880.0000   1.2863985e-16
       7890.0000   1.3427505e-16
       7900.0000   1.3878970e-16
       7910.0000   1.4348021e-16
       7920.0000   1.4612179e-16
       7930.0000   1.4456336e-16
       7940.0000   1.3614023e-16
       7950.0000   1.4107565e-16
       7960.0000   1.4553354e-16
       7970.0000   1.6287583e-16
       7980.0000   1.6494409e-16
       7990.0000   1.7214970e-16
       8000.0000   1.7664992e-16
       8010.0000   1.8407805e-16
       8020.0000   1.8843208e-16
       8030.0000   1.9297984e-16
       8040.0000   1.9976018e-16
       8050.0000   2.0504157e-16
       8060.0000   2.1403208e-16
       8070.0000   2.2054247e-16
       8080.0000   2.2729219e-16
       8090.0000   2.2777232e-16
       8100.0000   2.2999336e-16
       8110.0000   2.3326213e-16
       8120.0000   2.4331688e-16
       8130.0000   2.4727206e-16
       8140.0000   2.4757405e-16
       8150.0000   2.4349459e-16
       8160.0000   2.4927116e-16
       8170.0000   2.4875865e-16
       8180.0000   2.4284621e-16
       8190.0000   2.3649552e-16
       8200.0000   2.5006984e-16
       8210.0000   2.7001262e-16
       8220.0000   2.8932285e-16
       8230.0000   2.9677434e-16
       8240.0000   3.0837550e-16
       8250.0000   3.1721239e-16
       8260.0000   3.1924422e-16
       8270.0000   3.1771397e-16
       8280.0000   3.1875615e-16
       8290.0000   3.2006433e-16
       8300.0000   3.2482269e-16
       8310.0000   3.3204250e-16
       8320.0000   3.3914871e-16
       8330.0000   3.4759932e-16
       8340.0000   3.5318116e-16
       8350.0000   3.5888118e-16
       8360.0000   3.6556994e-16
       8370.0000   3.7622423e-16
       8380.0000   3.8301171e-16
       8390.0000   3.9530684e-16
       8400.0000   4.0077750e-16
       8410.0000   4.1016992e-16
       8420.0000   4.0937931e-16
       8430.0000   3.9858796e-16
       8440.0000   3.8852174e-16
       8450.0000   3.7271970e-16
       8460.0000   3.6747524e-16
       8470.0000   3.6316660e-16
       8480.0000   3.6651678e-16
       8490.0000   3.7209871e-16
       8500.0000   3.7407973e-16
       8510.0000   3.5615512e-16
       8520.0000   3.6191332e-16
       8530.0000   3.7242707e-16
       8540.0000   4.0455542e-16
       8550.0000   4.1923779e-16
       8560.0000   4.2776433e-16
       8570.0000   4.3472019e-16
       8580.0000   4.4494598e-16
       8590.0000   4.5202730e-16
       8600.0000   4.1577256e-16
       8610.0000   3.5431785e-16
       8620.0000   2.9375984e-16
       8630.0000   2.6290100e-16
       8640.0000   2.8025910e-16
       8650.0000   3.1249965e-16
       8660.0000   3.3459569e-16
       8670.0000   3.4829887e-16
       8680.0000   3.3264965e-16
       8690.0000   3.0884127e-16
       8700.0000   2.7684649e-16
       8710.0000   2.6056534e-16
       8720.0000   2.6848554e-16
       8730.0000   2.8587603e-16
       8740.0000   3.0539558e-16
       8750.0000   3.2184247e-16
       8760.0000   3.5440150e-16
       8770.0000   3.7084480e-16
       8780.0000   3.7385808e-16
       8790.0000   3.6897216e-16
       8800.0000   3.7120303e-16
       8810.0000   3.9418611e-16
       8820.0000   4.1133081e-16
       8830.0000   4.3216660e-16
       8840.0000   4.2342944e-16
       8850.0000   4.2452224e-16
       8860.0000   4.1517445e-16
       8870.0000   4.2486984e-16
       8880.0000   4.3501547e-16
       8890.0000   4.8964798e-16
       8900.0000   4.1358508e-16
       8910.0000   3.8629734e-16
       8920.0000   3.9688007e-16
       8930.0000   4.0746280e-16
       8940.0000   4.2030343e-16
       8950.0000   4.3565924e-16
       8960.0000   4.5101506e-16
       8970.0000   4.6545686e-16
       8980.0000   4.7129130e-16
       8990.0000   4.7712573e-16
       9000.0000   4.8296016e-16
       9010.0000   4.8827319e-16
       9020.0000   4.9336276e-16
       9030.0000   4.9845233e-16
       9040.0000   5.0655390e-16
       9050.0000   5.2217365e-16
       9060.0000   5.3779340e-16
       9070.0000   5.5341315e-16
       9080.0000   5.6666623e-16
       9090.0000   5.7951153e-16
       9100.0000   5.9235684e-16
       9110.0000   6.0588867e-16
       9120.0000   6.2043781e-16
       9130.0000   6.3498695e-16
       9140.0000   6.4953609e-16
       9150.0000   6.6093981e-16
       9160.0000   6.7212121e-16
       9170.0000   6.8330261e-16
       9180.0000   6.9368481e-16
       9190.0000   7.0308249e-16
       9200.0000   7.1248017e-16
       9210.0000   7.2187785e-16
       9220.0000   7.2035975e-16
       9230.0000   7.1819463e-16
       9240.0000   7.1602951e-16
       9250.0000   7.1483903e-16
       9260.0000   7.1497775e-16
       9270.0000   7.1511647e-16
       9280.0000   7.1525518e-16
       9290.0000   7.0922187e-16
       9300.0000   7.0237852e-16
       9310.0000   6.9553517e-16
       9320.0000   7.0013797e-16
       9330.0000   7.2818851e-16
       9340.0000   7.5623905e-16
       9350.0000   7.8428959e-16
       9360.0000   8.0169469e-16
       9370.0000   8.1564494e-16
       9380.0000   8.2959519e-16
       9390.0000   8.4059169e-16
       9400.0000   8.3674989e-16
       9410.0000   8.3290809e-16
       9420.0000   8.2906629e-16
       9430.0000   8.3570314e-16
       9440.0000   8.5060721e-16
       9450.0000   8.6551129e-16
       9460.0000   8.8041536e-16
       9470.0000   8.9966298e-16
       9480.0000   9.1920741e-16
       9490.0000   9.3875185e-16
       9500.0000   9.5170863e-16
       9510.0000   9.4899721e-16
       9520.0000   9.4628578e-16
       9530.0000   9.4357435e-16
       9540.0000   9.4203082e-16
       9550.0000   9.4114439e-16
       9560.0000   9.4025796e-16
       9570.0000   9.3937153e-16
       9580.0000   9.3908096e-16
       9590.0000   9.3881011e-16
       9600.0000   9.3853925e-16
       9610.0000   9.4071375e-16
       9620.0000   9.4914353e-16
       9630.0000   9.5757331e-16
       9640.0000   9.6600309e-16
       9650.0000   9.7709386e-16
       9660.0000   9.9013579e-16
       9670.0000   1.0031777e-15
       9680.0000   1.0162196e-15
       9690.0000   1.0298509e-15
       9700.0000   1.0435797e-15
       9710.0000   1.0573085e-15
       9720.0000   1.0695039e-15
       9730.0000   1.0707712e-15
       9740.0000   1.0720384e-15
       9750.0000   1.0733056e-15
       9760.0000   1.0801192e-15
       9770.0000   1.0962153e-15
       9780.0000   1.1123115e-15
       9790.0000   1.1284076e-15
       9800.0000   1.1319775e-15
       9810.0000   1.1275046e-15
       9820.0000   1.1230316e-15
       9830.0000   1.1185587e-15
       9840.0000   1.0873566e-15
       9850.0000   1.0506413e-15
       9860.0000   1.0139260e-15
       9870.0000   9.7715578e-16
       9880.0000   9.3887098e-16
       9890.0000   9.0058619e-16
       9900.0000   8.6230140e-16
       9910.0000   8.2624476e-16
       9920.0000   7.9782007e-16
       9930.0000   7.6939538e-16
       9940.0000   7.4097069e-16
       9950.0000   7.2111695e-16
       9960.0000   7.1395869e-16
       9970.0000   7.0680044e-16
       9980.0000   6.9964218e-16
       9990.0000   7.0416562e-16
       10000.000   7.1764584e-16
       10010.000   7.3112606e-16
       10020.000   7.4460627e-16
       10030.000   7.5393370e-16
       10040.000   7.6164632e-16
       10050.000   7.6935893e-16
       10060.000   7.7707154e-16
       10070.000   7.9249766e-16
       10080.000   8.0928499e-16
       10090.000   8.2607232e-16
       10100.000   8.4285965e-16
       10110.000   8.5247980e-16
       10120.000   8.6187770e-16
       10130.000   8.7127559e-16
       10140.000   8.7985610e-16
       10150.000   8.7904670e-16
       10160.000   8.7823729e-16
       10170.000   8.7742789e-16
       10180.000   8.7706315e-16
       10190.000   8.7872440e-16
       10200.000   8.8038564e-16
       10210.000   8.8204688e-16
       10220.000   8.8540809e-16
       10230.000   8.9360620e-16
       10240.000   9.0180431e-16
       10250.000   9.1000242e-16
       10260.000   9.2009630e-16
       10270.000   9.3403951e-16
       10280.000   9.4798273e-16
       10290.000   9.6192594e-16
       10300.000   9.7891139e-16
       10310.000   1.0006564e-15
       10320.000   1.0224014e-15
       10330.000   1.0441464e-15
       10340.000   1.0607701e-15
       10350.000   1.0706046e-15
       10360.000   1.0804391e-15
       10370.000   1.0902736e-15
       10380.000   1.1024896e-15
       10390.000   1.1173911e-15
       10400.000   1.1322925e-15
       10410.000   1.1471939e-15
       10420.000   1.1568598e-15
       10430.000   1.1610774e-15
       10440.000   1.1652949e-15
       10450.000   1.1695125e-15
       10460.000   1.1746856e-15
       10470.000   1.1808142e-15
       10480.000   1.1869427e-15
       10490.000   1.1930713e-15
       10500.000   1.1971519e-15
       10510.000   1.1991845e-15
       10520.000   1.2012170e-15
       10530.000   1.2032496e-15
       10540.000   1.2048326e-15
       10550.000   1.2059286e-15
       10560.000   1.2070246e-15
       10570.000   1.2081206e-15
       10580.000   1.2125061e-15
       10590.000   1.2207538e-15
       10600.000   1.2290014e-15
       10610.000   1.2372491e-15
       10620.000   1.2441508e-15
       10630.000   1.2491938e-15
       10640.000   1.2542369e-15
       10650.000   1.2592799e-15
       10660.000   1.2694620e-15
       10670.000   1.2880260e-15
       10680.000   1.3065900e-15
       10690.000   1.3251540e-15
       10700.000   1.3399746e-15
       10710.000   1.3468410e-15
       10720.000   1.3537073e-15
       10730.000   1.3605737e-15
       10740.000   1.3669528e-15
       10750.000   1.3719450e-15
       10760.000   1.3769371e-15
       10770.000   1.3819292e-15
       10780.000   1.3902687e-15
       10790.000   1.4138490e-15
       10800.000   1.4374292e-15
       10810.000   1.4610095e-15
       10820.000   1.4841131e-15
       10830.000   1.5023933e-15
       10840.000   1.5206735e-15
       10850.000   1.5389538e-15
       10860.000   1.5572340e-15
       10870.000   1.5623060e-15
       10880.000   1.5673780e-15
       10890.000   1.5724500e-15
       10900.000   1.5775220e-15
       10910.000   1.5780309e-15
       10920.000   1.5779760e-15
       10930.000   1.5779211e-15
       10940.000   1.5778662e-15
       10950.000   1.5735419e-15
       10960.000   1.5680133e-15
       10970.000   1.5624846e-15
       10980.000   1.5569560e-15
       10990.000   1.5564261e-15
       11000.000   1.5584718e-15
       11010.000   1.5605174e-15
       11020.000   1.5625631e-15
       11030.000   1.5637709e-15
       11040.000   1.5642357e-15
       11050.000   1.5647004e-15
       11060.000   1.5651652e-15
       11070.000   1.5640070e-15
       11080.000   1.5603110e-15
       11090.000   1.5566149e-15
       11100.000   1.5529189e-15
       11110.000   1.5502310e-15
       11120.000   1.5507352e-15
       11130.000   1.5512394e-15
       11140.000   1.5517436e-15
       11150.000   1.5530761e-15
       11160.000   1.5639364e-15
       11170.000   1.5747967e-15
       11180.000   1.5856570e-15
       11190.000   1.5965173e-15
       11200.000   1.6039951e-15
       11210.000   1.6111789e-15
       11220.000   1.6183627e-15
       11230.000   1.6255465e-15
       11240.000   1.6271831e-15
       11250.000   1.6269707e-15
       11260.000   1.6267583e-15
       11270.000   1.6265459e-15
       11280.000   1.6169686e-15
       11290.000   1.6003273e-15
       11300.000   1.5836859e-15
       11310.000   1.5670445e-15
       11320.000   1.5497919e-15
       11330.000   1.5315419e-15
       11340.000   1.5132920e-15
       11350.000   1.4950421e-15
       11360.000   1.4803508e-15
       11370.000   1.4808363e-15
       11380.000   1.4813218e-15
       11390.000   1.4818073e-15
       11400.000   1.4822927e-15
       11410.000   1.4931163e-15
       11420.000   1.5040438e-15
       11430.000   1.5149714e-15
       11440.000   1.5258989e-15
       11450.000   1.5568338e-15
       11460.000   1.5934125e-15
       11470.000   1.6299911e-15
       11480.000   1.6665698e-15
       11490.000   1.6821449e-15
       11500.000   1.6812147e-15
       11510.000   1.6802844e-15
       11520.000   1.6793542e-15
       11530.000   1.6808989e-15
       11540.000   1.6872492e-15
       11550.000   1.6935996e-15
       11560.000   1.6999499e-15
       11570.000   1.7040230e-15
       11580.000   1.6913993e-15
       11590.000   1.6787756e-15
       11600.000   1.6661519e-15
       11610.000   1.6535282e-15
       11620.000   1.6370665e-15
       11630.000   1.6201302e-15
       11640.000   1.6031938e-15
       11650.000   1.5862575e-15
       11660.000   1.5704619e-15
       11670.000   1.5552806e-15
       11680.000   1.5400993e-15
       11690.000   1.5249180e-15
       11700.000   1.5103349e-15
       11710.000   1.4966128e-15
       11720.000   1.4828906e-15
       11730.000   1.4691684e-15
       11740.000   1.4603384e-15
       11750.000   1.4771996e-15
       11760.000   1.4940608e-15
       11770.000   1.5109220e-15
       11780.000   1.5277832e-15
       11790.000   1.5420961e-15
       11800.000   1.5561571e-15
       11810.000   1.5702181e-15
       11820.000   1.5842792e-15
       11830.000   1.5968625e-15
       11840.000   1.6086503e-15
       11850.000   1.6204380e-15
       11860.000   1.6322257e-15
       11870.000   1.6374598e-15
       11880.000   1.6324448e-15
       11890.000   1.6274298e-15
       11900.000   1.6224148e-15
       11910.000   1.6156449e-15
       11920.000   1.5960078e-15
       11930.000   1.5763707e-15
       11940.000   1.5567335e-15
       11950.000   1.5370964e-15
       11960.000   1.5254278e-15
       11970.000   1.5151655e-15
       11980.000   1.5049031e-15
       11990.000   1.4946408e-15
