       3000.0000   1.6805631e-23
       3010.0000   1.8280789e-23
       3020.0000   1.9873263e-23
       3030.0000   2.1591373e-23
       3040.0000   2.3443954e-23
       3050.0000   2.5440380e-23
       3060.0000   2.7590597e-23
       3070.0000   2.9905145e-23
       3080.0000   3.2395195e-23
       3090.0000   3.5072574e-23
       3100.0000   3.7949802e-23
       3110.0000   4.1040124e-23
       3120.0000   4.4357544e-23
       3130.0000   4.7916862e-23
       3140.0000   5.1733713e-23
       3150.0000   5.5824602e-23
       3160.0000   6.0206949e-23
       3170.0000   6.4899127e-23
       3180.0000   6.9920506e-23
       3190.0000   7.5291500e-23
       3200.0000   8.1033608e-23
       3210.0000   8.7169467e-23
       3220.0000   9.3722897e-23
       3230.0000   1.0071896e-22
       3240.0000   1.0818398e-22
       3250.0000   1.1614567e-22
       3260.0000   1.2463309e-22
       3270.0000   1.3367679e-22
       3280.0000   1.4330882e-22
       3290.0000   1.5356279e-22
       3300.0000   1.6447397e-22
       3310.0000   1.7607932e-22
       3320.0000   1.8841756e-22
       3330.0000   2.0152926e-22
       3340.0000   2.1545689e-22
       3350.0000   2.3024487e-22
       3360.0000   2.4593971e-22
       3370.0000   2.6259002e-22
       3380.0000   2.8024660e-22
       3390.0000   2.9896257e-22
       3400.0000   3.1879337e-22
       3410.0000   3.3979690e-22
       3420.0000   3.6203361e-22
       3430.0000   3.8556653e-22
       3440.0000   4.1046143e-22
       3450.0000   4.3678685e-22
       3460.0000   4.6461424e-22
       3470.0000   4.9401801e-22
       3480.0000   5.2507569e-22
       3490.0000   5.5786796e-22
       3500.0000   5.9247878e-22
       3510.0000   6.2899553e-22
       3520.0000   6.6750905e-22
       3530.0000   7.0811379e-22
       3540.0000   7.5090790e-22
       3550.0000   7.9599337e-22
       3560.0000   8.4347610e-22
       3570.0000   8.9346605e-22
       3580.0000   9.4607734e-22
       3590.0000   1.0014284e-21
       3600.0000   1.0596420e-21
       3610.0000   1.1208456e-21
       3620.0000   1.1851711e-21
       3630.0000   1.2527553e-21
       3640.0000   1.3237400e-21
       3650.0000   1.3982719e-21
       3660.0000   1.4765030e-21
       3670.0000   1.5585905e-21
       3680.0000   1.6446970e-21
       3690.0000   1.7349910e-21
       3700.0000   1.8296465e-21
       3710.0000   1.9288434e-21
       3720.0000   2.0327675e-21
       3730.0000   2.1416112e-21
       3740.0000   2.2555727e-21
       3750.0000   2.3748570e-21
       3760.0000   2.4996756e-21
       3770.0000   2.6302467e-21
       3780.0000   2.7667958e-21
       3790.0000   2.9095550e-21
       3800.0000   3.0587639e-21
       3810.0000   3.2146695e-21
       3820.0000   3.3775264e-21
       3830.0000   3.5475968e-21
       3840.0000   3.7251509e-21
       3850.0000   3.9104669e-21
       3860.0000   4.1038313e-21
       3870.0000   4.3055390e-21
       3880.0000   4.5158933e-21
       3890.0000   4.7352066e-21
       3900.0000   4.9637997e-21
       3910.0000   5.2020031e-21
       3920.0000   5.4501559e-21
       3930.0000   5.7086072e-21
       3940.0000   5.9777154e-21
       3950.0000   6.2578488e-21
       3960.0000   6.5493856e-21
       3970.0000   6.8527141e-21
       3980.0000   7.1682332e-21
       3990.0000   7.4963519e-21
       4000.0000   7.8374903e-21
       4010.0000   8.1920789e-21
       4020.0000   8.5605598e-21
       4030.0000   8.9433859e-21
       4040.0000   9.3410216e-21
       4050.0000   9.7539431e-21
       4060.0000   1.0182638e-20
       4070.0000   1.0627607e-20
       4080.0000   1.1089360e-20
       4090.0000   1.1568424e-20
       4100.0000   1.2065334e-20
       4110.0000   1.2580639e-20
       4120.0000   1.3114903e-20
       4130.0000   1.3668701e-20
       4140.0000   1.4242621e-20
       4150.0000   1.4837266e-20
       4160.0000   1.5453250e-20
       4170.0000   1.6091205e-20
       4180.0000   1.6751773e-20
       4190.0000   1.7435611e-20
       4200.0000   1.8143393e-20
       4210.0000   1.8875803e-20
       4220.0000   1.9633545e-20
       4230.0000   2.0417332e-20
       4240.0000   2.1227898e-20
       4250.0000   2.2065987e-20
       4260.0000   2.2932362e-20
       4270.0000   2.3827799e-20
       4280.0000   2.4753092e-20
       4290.0000   2.5709050e-20
       4300.0000   2.6696498e-20
       4310.0000   2.7716276e-20
       4320.0000   2.8769243e-20
       4330.0000   2.9856272e-20
       4340.0000   3.0978254e-20
       4350.0000   3.2136098e-20
       4360.0000   3.3330727e-20
       4370.0000   3.4563084e-20
       4380.0000   3.5834129e-20
       4390.0000   3.7144838e-20
       4400.0000   3.8496205e-20
       4410.0000   3.9889243e-20
       4420.0000   4.1324983e-20
       4430.0000   4.2804472e-20
       4440.0000   4.4328778e-20
       4450.0000   4.5898985e-20
       4460.0000   4.7516196e-20
       4470.0000   4.9181535e-20
       4480.0000   5.0896142e-20
       4490.0000   5.2661176e-20
       4500.0000   5.4477817e-20
       4510.0000   5.6347262e-20
       4520.0000   5.8270729e-20
       4530.0000   6.0249455e-20
       4540.0000   6.2284695e-20
       4550.0000   6.4377726e-20
       4560.0000   6.6529843e-20
       4570.0000   6.8742362e-20
       4580.0000   7.1016617e-20
       4590.0000   7.3353964e-20
       4600.0000   7.5755778e-20
       4610.0000   7.8223455e-20
       4620.0000   8.0758412e-20
       4630.0000   8.3362083e-20
       4640.0000   8.6035927e-20
       4650.0000   8.8781420e-20
       4660.0000   9.1600061e-20
       4670.0000   9.4493368e-20
       4680.0000   9.7462880e-20
       4690.0000   1.0051016e-19
       4700.0000   1.0363678e-19
       4710.0000   1.0684436e-19
       4720.0000   1.1013450e-19
       4730.0000   1.1350886e-19
       4740.0000   1.1696911e-19
       4750.0000   1.2051692e-19
       4760.0000   1.2415401e-19
       4770.0000   1.2788210e-19
       4780.0000   1.3170294e-19
       4790.0000   1.3561831e-19
       4800.0000   1.3962999e-19
       4810.0000   1.4373981e-19
       4820.0000   1.4794960e-19
       4830.0000   1.5226120e-19
       4840.0000   1.5667651e-19
       4850.0000   1.6119741e-19
       4860.0000   1.6582584e-19
       4870.0000   1.7056372e-19
       4880.0000   1.7541303e-19
       4890.0000   1.8037575e-19
       4900.0000   1.8545388e-19
       4910.0000   1.9064946e-19
       4920.0000   1.9596452e-19
       4930.0000   2.0140113e-19
       4940.0000   2.0696140e-19
       4950.0000   2.1264742e-19
       4960.0000   2.1846133e-19
       4970.0000   2.2440529e-19
       4980.0000   2.3048147e-19
       4990.0000   2.3669206e-19
       5000.0000   2.4303928e-19
       5010.0000   2.4952537e-19
       5020.0000   2.5615258e-19
       5030.0000   2.6292320e-19
       5040.0000   2.6983952e-19
       5050.0000   2.7690385e-19
       5060.0000   2.8411855e-19
       5070.0000   2.9148596e-19
       5080.0000   2.9900848e-19
       5090.0000   3.0668849e-19
       5100.0000   3.1452842e-19
       5110.0000   3.2253071e-19
       5120.0000   3.3069783e-19
       5130.0000   3.3903223e-19
       5140.0000   3.4753644e-19
       5150.0000   3.5621296e-19
       5160.0000   3.6506434e-19
       5170.0000   3.7409312e-19
       5180.0000   3.8330189e-19
       5190.0000   3.9269324e-19
       5200.0000   4.0226978e-19
       5210.0000   4.1203414e-19
       5220.0000   4.2198898e-19
       5230.0000   4.3213697e-19
       5240.0000   4.4248078e-19
       5250.0000   4.5302313e-19
       5260.0000   4.6376673e-19
       5270.0000   4.7471434e-19
       5280.0000   4.8586869e-19
       5290.0000   4.9723258e-19
       5300.0000   5.0880878e-19
       5310.0000   5.2060012e-19
       5320.0000   5.3260941e-19
       5330.0000   5.4483950e-19
       5340.0000   5.5729324e-19
       5350.0000   3.9215869e-19
       5360.0000   6.9172407e-18
       5370.0000   4.4913883e-18
       5380.0000   1.6373713e-18
       5390.0000   3.6844448e-18
       5400.0000   5.6687400e-18
       5410.0000   6.0654542e-18
       5420.0000   4.4309778e-18
       5430.0000   2.3657714e-18
       5440.0000   6.0333388e-18
       5450.0000   6.5803929e-18
       5460.0000   4.7306086e-18
       5470.0000   4.4655357e-18
       5480.0000   4.8801135e-18
       5490.0000   4.9853795e-18
       5500.0000   3.7260767e-18
       5510.0000   4.6879909e-18
       5520.0000   6.7867748e-18
       5530.0000   4.1331967e-18
       5540.0000   6.3752846e-18
       5550.0000   6.1318699e-18
       5560.0000   3.6187364e-18
       5570.0000   1.3971207e-17
       5580.0000   1.3878832e-17
       5590.0000   4.2355389e-18
       5600.0000   2.2598105e-18
       5610.0000   3.7261206e-18
       5620.0000   5.8449811e-18
       5630.0000   4.3701044e-18
       5640.0000   9.5483662e-19
       5650.0000   7.7259486e-19
       5660.0000   2.5989552e-18
       5670.0000   3.0716910e-18
       5680.0000   3.7980179e-18
       5690.0000   2.1698583e-18
       5700.0000  -1.1232003e-18
       5710.0000   1.7559247e-18
       5720.0000   5.1648387e-18
       5730.0000   5.1420014e-18
       5740.0000   4.6094970e-18
       5750.0000   3.7024169e-18
       5760.0000   2.9822153e-18
       5770.0000   2.6574429e-18
       5780.0000   3.6421806e-18
       5790.0000   5.9993136e-18
       5800.0000   4.7633127e-18
       5810.0000   1.6934266e-18
       5820.0000   7.8679598e-19
       5830.0000   4.0336368e-18
       5840.0000   7.1894814e-18
       5850.0000   5.1600435e-18
       5860.0000   3.8430259e-18
       5870.0000   2.8436932e-18
       5880.0000   1.3734106e-18
       5890.0000   4.5112869e-18
       5900.0000   5.5016586e-18
       5910.0000   3.5233519e-18
       5920.0000   3.6753209e-18
       5930.0000   2.9368482e-18
       5940.0000   3.1652463e-18
       5950.0000   3.3347050e-18
       5960.0000   5.7619017e-18
       5970.0000   4.2885278e-18
       5980.0000   3.2947238e-18
       5990.0000   3.8418023e-18
       6000.0000   3.3130888e-18
       6010.0000   6.0874125e-19
       6020.0000   2.6467032e-18
       6030.0000   4.0716869e-18
       6040.0000   2.6197062e-18
       6050.0000   1.7215368e-18
       6060.0000   9.4569858e-19
       6070.0000   2.1161467e-18
       6080.0000   3.7496445e-18
       6090.0000   3.1893679e-18
       6100.0000   2.9132721e-18
       6110.0000   5.8327792e-18
       6120.0000   5.8061535e-18
       6130.0000   5.3224642e-18
       6140.0000   4.9116018e-18
       6150.0000   5.9425106e-18
       6160.0000   5.9746978e-18
       6170.0000   5.6194642e-18
       6180.0000   5.2457306e-18
       6190.0000   7.0624273e-18
       6200.0000   7.6490407e-18
       6210.0000   7.8881358e-18
       6220.0000   7.4764978e-18
       6230.0000   6.2129321e-18
       6240.0000   5.7304870e-18
       6250.0000   6.0877280e-18
       6260.0000   7.3305911e-18
       6270.0000   8.1867048e-18
       6280.0000   8.8773317e-18
       6290.0000   1.0134176e-17
       6300.0000   1.0269851e-17
       6310.0000   1.1554673e-17
       6320.0000   1.0626891e-17
       6330.0000   1.0293529e-17
       6340.0000   1.0463008e-17
       6350.0000   1.0938920e-17
       6360.0000   1.2362952e-17
       6370.0000   1.2754586e-17
       6380.0000   1.2461548e-17
       6390.0000   1.1718680e-17
       6400.0000   1.1722579e-17
       6410.0000   1.2525571e-17
       6420.0000   1.3166253e-17
       6430.0000   1.2400155e-17
       6440.0000   1.2580488e-17
       6450.0000   1.4054525e-17
       6460.0000   1.4846165e-17
       6470.0000   1.5716671e-17
       6480.0000   1.5573471e-17
       6490.0000   1.6381922e-17
       6500.0000   1.7550446e-17
       6510.0000   1.9118671e-17
       6520.0000   1.9327558e-17
       6530.0000   2.0716820e-17
       6540.0000   2.1469100e-17
       6550.0000   2.2169145e-17
       6560.0000   2.2915829e-17
       6570.0000   2.4030684e-17
       6580.0000   2.4266768e-17
       6590.0000   2.4676991e-17
       6600.0000   2.5161438e-17
       6610.0000   2.4661212e-17
       6620.0000   2.4568882e-17
       6630.0000   2.4903196e-17
       6640.0000   2.6602515e-17
       6650.0000   2.8895125e-17
       6660.0000   2.8965354e-17
       6670.0000   3.0068567e-17
       6680.0000   3.0286133e-17
       6690.0000   3.0904986e-17
       6700.0000   3.0082288e-17
       6710.0000   3.0161985e-17
       6720.0000   3.1443915e-17
       6730.0000   3.4072156e-17
       6740.0000   3.5815135e-17
       6750.0000   3.6390547e-17
       6760.0000   3.6599930e-17
       6770.0000   3.5755601e-17
       6780.0000   3.5903918e-17
       6790.0000   3.3858308e-17
       6800.0000   3.4819539e-17
       6810.0000   3.5036921e-17
       6820.0000   3.5340720e-17
       6830.0000   3.4629785e-17
       6840.0000   3.4156459e-17
       6850.0000   3.2572459e-17
       6860.0000   3.1477645e-17
       6870.0000   2.9181587e-17
       6880.0000   2.6997138e-17
       6890.0000   2.6881652e-17
       6900.0000   2.6773436e-17
       6910.0000   2.7675017e-17
       6920.0000   2.8299927e-17
       6930.0000   2.9929642e-17
       6940.0000   3.1764357e-17
       6950.0000   3.2973659e-17
       6960.0000   3.2975295e-17
       6970.0000   3.3034676e-17
       6980.0000   3.3783306e-17
       6990.0000   3.2739207e-17
       7000.0000   3.3019782e-17
       7010.0000   3.4790622e-17
       7020.0000   3.7665732e-17
       7030.0000   4.0465706e-17
       7040.0000   4.3184799e-17
       7050.0000   4.3636218e-17
       7060.0000   4.4213162e-17
       7070.0000   4.4913346e-17
       7080.0000   4.5789806e-17
       7090.0000   4.6257043e-17
       7100.0000   4.8004794e-17
       7110.0000   4.9880845e-17
       7120.0000   5.0391911e-17
       7130.0000   4.9970641e-17
       7140.0000   5.0443513e-17
       7150.0000   5.1574163e-17
       7160.0000   5.0503322e-17
       7170.0000   4.9585153e-17
       7180.0000   4.8027327e-17
       7190.0000   4.8478588e-17
       7200.0000   4.9411525e-17
       7210.0000   5.1992108e-17
       7220.0000   5.3042311e-17
       7230.0000   5.3112928e-17
       7240.0000   5.2489739e-17
       7250.0000   5.3765384e-17
       7260.0000   5.4123686e-17
       7270.0000   5.5144296e-17
       7280.0000   5.4859115e-17
       7290.0000   5.5679450e-17
       7300.0000   5.6109737e-17
       7310.0000   5.7838315e-17
       7320.0000   5.8718067e-17
       7330.0000   5.8728185e-17
       7340.0000   5.8151442e-17
       7350.0000   5.7720449e-17
       7360.0000   5.6336392e-17
       7370.0000   5.6398938e-17
       7380.0000   5.6259392e-17
       7390.0000   5.4627263e-17
       7400.0000   5.4094663e-17
       7410.0000   5.2795195e-17
       7420.0000   5.2823555e-17
       7430.0000   5.1976735e-17
       7440.0000   5.0725968e-17
       7450.0000   4.8456022e-17
       7460.0000   4.6718967e-17
       7470.0000   4.5378222e-17
       7480.0000   4.5176017e-17
       7490.0000   4.3148697e-17
       7500.0000   4.1837317e-17
       7510.0000   4.0465466e-17
       7520.0000   3.9109757e-17
       7530.0000   3.6703480e-17
       7540.0000   3.4683797e-17
       7550.0000   3.3533631e-17
       7560.0000   3.1086649e-17
       7570.0000   2.8452559e-17
       7580.0000   2.5328626e-17
       7590.0000   1.9916950e-17
       7600.0000   1.3673180e-17
       7610.0000   9.5143386e-18
       7620.0000   8.3259709e-18
       7630.0000   7.9560222e-18
       7640.0000   5.6281978e-18
       7650.0000   4.1063121e-18
       7660.0000   2.2741528e-18
       7670.0000   2.7265316e-18
       7680.0000   3.4220275e-18
       7690.0000   3.5839842e-18
       7700.0000   4.3485531e-18
       7710.0000   5.9723820e-18
       7720.0000   8.7690863e-18
       7730.0000   1.2129992e-17
       7740.0000   1.7097209e-17
       7750.0000   2.1463196e-17
       7760.0000   2.4597940e-17
       7770.0000   2.7067730e-17
       7780.0000   2.9319178e-17
       7790.0000   2.7681354e-17
       7800.0000   3.0197955e-17
       7810.0000   3.4730417e-17
       7820.0000   4.2589252e-17
       7830.0000   4.5760408e-17
       7840.0000   5.0031775e-17
       7850.0000   5.4278965e-17
       7860.0000   5.8313633e-17
       7870.0000   6.2038007e-17
       7880.0000   6.6579067e-17
       7890.0000   7.0514140e-17
       7900.0000   7.4249723e-17
       7910.0000   7.7572562e-17
       7920.0000   8.0349372e-17
       7930.0000   7.8734179e-17
       7940.0000   6.9823163e-17
       7950.0000   7.3545452e-17
       7960.0000   7.9213521e-17
       7970.0000   9.5659260e-17
       7980.0000   1.0078029e-16
       7990.0000   1.0653107e-16
       8000.0000   1.0848150e-16
       8010.0000   1.1134901e-16
       8020.0000   1.1400255e-16
       8030.0000   1.1752015e-16
       8040.0000   1.2175363e-16
       8050.0000   1.2679520e-16
       8060.0000   1.3275109e-16
       8070.0000   1.3690627e-16
       8080.0000   1.4014795e-16
       8090.0000   1.4266228e-16
       8100.0000   1.4770701e-16
       8110.0000   1.5183794e-16
       8120.0000   1.5716814e-16
       8130.0000   1.5696719e-16
       8140.0000   1.5579446e-16
       8150.0000   1.5470864e-16
       8160.0000   1.5746259e-16
       8170.0000   1.5508320e-16
       8180.0000   1.4872488e-16
       8190.0000   1.4597048e-16
       8200.0000   1.5960588e-16
       8210.0000   1.7619411e-16
       8220.0000   1.8737502e-16
       8230.0000   1.9071707e-16
       8240.0000   1.9776300e-16
       8250.0000   2.0678321e-16
       8260.0000   2.1197540e-16
       8270.0000   2.1242167e-16
       8280.0000   2.1373670e-16
       8290.0000   2.1529532e-16
       8300.0000   2.1864133e-16
       8310.0000   2.2485432e-16
       8320.0000   2.2853054e-16
       8330.0000   2.3633181e-16
       8340.0000   2.4356196e-16
       8350.0000   2.5286885e-16
       8360.0000   2.5889928e-16
       8370.0000   2.6359320e-16
       8380.0000   2.6765599e-16
       8390.0000   2.7713644e-16
       8400.0000   2.8443249e-16
       8410.0000   2.9175884e-16
       8420.0000   2.8808576e-16
       8430.0000   2.8475784e-16
       8440.0000   2.7680260e-16
       8450.0000   2.7011325e-16
       8460.0000   2.7034161e-16
       8470.0000   2.6985543e-16
       8480.0000   2.7329238e-16
       8490.0000   2.7374749e-16
       8500.0000   2.7364975e-16
       8510.0000   2.4769474e-16
       8520.0000   2.5031338e-16
       8530.0000   2.5897894e-16
       8540.0000   2.9468250e-16
       8550.0000   3.1245540e-16
       8560.0000   3.2042802e-16
       8570.0000   3.2337125e-16
       8580.0000   3.2624351e-16
       8590.0000   3.2945324e-16
       8600.0000   3.0299606e-16
       8610.0000   2.5374453e-16
       8620.0000   1.9877245e-16
       8630.0000   1.6935778e-16
       8640.0000   1.8547737e-16
       8650.0000   2.0856062e-16
       8660.0000   2.2862757e-16
       8670.0000   2.4089181e-16
       8680.0000   2.3676543e-16
       8690.0000   2.2145521e-16
       8700.0000   2.0232074e-16
       8710.0000   1.8715137e-16
       8720.0000   1.9355881e-16
       8730.0000   2.0745382e-16
       8740.0000   2.1993704e-16
       8750.0000   2.3007117e-16
       8760.0000   2.4225503e-16
       8770.0000   2.5169667e-16
       8780.0000   2.5621941e-16
       8790.0000   2.5607546e-16
       8800.0000   2.6051364e-16
       8810.0000   2.7332336e-16
       8820.0000   2.8768518e-16
       8830.0000   3.0207218e-16
       8840.0000   2.9527218e-16
       8850.0000   3.0244576e-16
       8860.0000   2.9326403e-16
       8870.0000   3.1325843e-16
       8880.0000   3.1545131e-16
       8890.0000   3.3075229e-16
       8900.0000   3.0707627e-16
       8910.0000   2.8764460e-16
       8920.0000   2.9617199e-16
       8930.0000   3.0469938e-16
       8940.0000   3.1322677e-16
       8950.0000   3.2602682e-16
       8960.0000   3.4027417e-16
       8970.0000   3.5452152e-16
       8980.0000   3.5867213e-16
       8990.0000   3.4533392e-16
       9000.0000   3.3199571e-16
       9010.0000   3.1865750e-16
       9020.0000   3.1696793e-16
       9030.0000   3.1568817e-16
       9040.0000   3.1440840e-16
       9050.0000   3.3585647e-16
       9060.0000   3.7605469e-16
       9070.0000   4.1625291e-16
       9080.0000   4.5130108e-16
       9090.0000   4.4511711e-16
       9100.0000   4.3893315e-16
       9110.0000   4.3274919e-16
       9120.0000   4.4040131e-16
       9130.0000   4.5527584e-16
       9140.0000   4.7015037e-16
       9150.0000   4.8398633e-16
       9160.0000   4.9324581e-16
       9170.0000   5.0250529e-16
       9180.0000   5.1176477e-16
       9190.0000   5.1609131e-16
       9200.0000   5.1825324e-16
       9210.0000   5.2041516e-16
       9220.0000   5.2210556e-16
       9230.0000   5.2174612e-16
       9240.0000   5.2138668e-16
       9250.0000   5.2102725e-16
       9260.0000   5.2735805e-16
       9270.0000   5.3710454e-16
       9280.0000   5.4685103e-16
       9290.0000   5.5360236e-16
       9300.0000   5.3839334e-16
       9310.0000   5.2318432e-16
       9320.0000   5.0797530e-16
       9330.0000   5.0108584e-16
       9340.0000   5.0073164e-16
       9350.0000   5.0037743e-16
       9360.0000   5.0002322e-16
       9370.0000   5.1548489e-16
       9380.0000   5.3121995e-16
       9390.0000   5.4695500e-16
       9400.0000   5.5747003e-16
       9410.0000   5.5982175e-16
       9420.0000   5.6217348e-16
       9430.0000   5.6452520e-16
       9440.0000   5.7977346e-16
       9450.0000   5.9865963e-16
       9460.0000   6.1754579e-16
       9470.0000   6.3441245e-16
       9480.0000   6.4009312e-16
       9490.0000   6.4577379e-16
       9500.0000   6.5145446e-16
       9510.0000   6.5465375e-16
       9520.0000   6.5546860e-16
       9530.0000   6.5628345e-16
       9540.0000   6.5709830e-16
       9550.0000   6.5858809e-16
       9560.0000   6.6019606e-16
       9570.0000   6.6180404e-16
       9580.0000   6.6319299e-16
       9590.0000   6.6354941e-16
       9600.0000   6.6390582e-16
       9610.0000   6.6426224e-16
       9620.0000   6.6692345e-16
       9630.0000   6.7204199e-16
       9640.0000   6.7716053e-16
       9650.0000   6.8227907e-16
       9660.0000   6.9243312e-16
       9670.0000   7.0403276e-16
       9680.0000   7.1563239e-16
       9690.0000   7.2742940e-16
       9700.0000   7.4261889e-16
       9710.0000   7.5780838e-16
       9720.0000   7.7299788e-16
       9730.0000   7.8496110e-16
       9740.0000   7.8997286e-16
       9750.0000   7.9498461e-16
       9760.0000   7.9999637e-16
       9770.0000   8.0746972e-16
       9780.0000   8.1684630e-16
       9790.0000   8.2622287e-16
       9800.0000   8.3559944e-16
       9810.0000   8.4083360e-16
       9820.0000   8.4500610e-16
       9830.0000   8.4917860e-16
       9840.0000   8.5299213e-16
       9850.0000   8.2952597e-16
       9860.0000   8.0605981e-16
       9870.0000   7.8259365e-16
       9880.0000   7.5940168e-16
       9890.0000   7.3720485e-16
       9900.0000   7.1500801e-16
       9910.0000   6.9281117e-16
       9920.0000   6.7168740e-16
       9930.0000   6.5214665e-16
       9940.0000   6.3260590e-16
       9950.0000   6.1306514e-16
       9960.0000   6.0129863e-16
       9970.0000   5.9520749e-16
       9980.0000   5.8911634e-16
       9990.0000   5.8302520e-16
       10000.000   5.8179709e-16
       10010.000   5.8229554e-16
       10020.000   5.8279399e-16
       10030.000   5.8329243e-16
       10040.000   5.9244290e-16
       10050.000   6.0277231e-16
       10060.000   6.1310173e-16
       10070.000   6.2340789e-16
       10080.000   6.3257585e-16
       10090.000   6.4174380e-16
       10100.000   6.5091176e-16
       10110.000   6.6035083e-16
       10120.000   6.7145479e-16
       10130.000   6.8255875e-16
       10140.000   6.9366271e-16
       10150.000   7.0316467e-16
       10160.000   7.0759203e-16
       10170.000   7.1201939e-16
       10180.000   7.1644675e-16
       10190.000   7.2263973e-16
       10200.000   7.3241617e-16
       10210.000   7.4219261e-16
       10220.000   7.5196905e-16
       10230.000   7.5585866e-16
       10240.000   7.5127561e-16
       10250.000   7.4669255e-16
       10260.000   7.4210950e-16
       10270.000   7.4377835e-16
       10280.000   7.5222063e-16
       10290.000   7.6066291e-16
       10300.000   7.6910519e-16
       10310.000   7.7773705e-16
       10320.000   7.8653038e-16
       10330.000   7.9532370e-16
       10340.000   8.0411703e-16
       10350.000   8.1036474e-16
       10360.000   8.1476892e-16
       10370.000   8.1917311e-16
       10380.000   8.2357730e-16
       10390.000   8.3662134e-16
       10400.000   8.5519012e-16
       10410.000   8.7375891e-16
       10420.000   8.9232770e-16
       10430.000   8.9981537e-16
       10440.000   9.0079727e-16
       10450.000   9.0177917e-16
       10460.000   9.0276107e-16
       10470.000   9.0947112e-16
       10480.000   9.1940407e-16
       10490.000   9.2933702e-16
       10500.000   9.3926997e-16
       10510.000   9.4615242e-16
       10520.000   9.5124316e-16
       10530.000   9.5633391e-16
       10540.000   9.6142465e-16
       10550.000   9.6184012e-16
       10560.000   9.5938916e-16
       10570.000   9.5693821e-16
       10580.000   9.5448725e-16
       10590.000   9.5732785e-16
       10600.000   9.6384655e-16
       10610.000   9.7036524e-16
       10620.000   9.7688393e-16
       10630.000   9.8245773e-16
       10640.000   9.8725812e-16
       10650.000   9.9205852e-16
       10660.000   9.9685892e-16
       10670.000   1.0049214e-15
       10680.000   1.0161184e-15
       10690.000   1.0273155e-15
       10700.000   1.0385125e-15
       10710.000   1.0485893e-15
       10720.000   1.0572970e-15
       10730.000   1.0660046e-15
       10740.000   1.0747123e-15
       10750.000   1.0851821e-15
       10760.000   1.0985274e-15
       10770.000   1.1118727e-15
       10780.000   1.1252180e-15
       10790.000   1.1379341e-15
       10800.000   1.1491830e-15
       10810.000   1.1604319e-15
       10820.000   1.1716808e-15
       10830.000   1.1811762e-15
       10840.000   1.1840737e-15
       10850.000   1.1869712e-15
       10860.000   1.1898687e-15
       10870.000   1.1938926e-15
       10880.000   1.2061752e-15
       10890.000   1.2184577e-15
       10900.000   1.2307403e-15
       10910.000   1.2429097e-15
       10920.000   1.2439487e-15
       10930.000   1.2449878e-15
       10940.000   1.2460268e-15
       10950.000   1.2470658e-15
       10960.000   1.2410901e-15
       10970.000   1.2342469e-15
       10980.000   1.2274037e-15
       10990.000   1.2205605e-15
       11000.000   1.2122415e-15
       11010.000   1.2034814e-15
       11020.000   1.1947213e-15
       11030.000   1.1859613e-15
       11040.000   1.1819682e-15
       11050.000   1.1806574e-15
       11060.000   1.1793465e-15
       11070.000   1.1780356e-15
       11080.000   1.1773338e-15
       11090.000   1.1772658e-15
       11100.000   1.1771978e-15
       11110.000   1.1771299e-15
       11120.000   1.1781219e-15
       11130.000   1.1811714e-15
       11140.000   1.1842209e-15
       11150.000   1.1872704e-15
       11160.000   1.1908131e-15
       11170.000   1.1964590e-15
       11180.000   1.2021049e-15
       11190.000   1.2077507e-15
       11200.000   1.2132916e-15
       11210.000   1.2136889e-15
       11220.000   1.2140863e-15
       11230.000   1.2144837e-15
       11240.000   1.2148810e-15
       11250.000   1.2169958e-15
       11260.000   1.2194136e-15
       11270.000   1.2218314e-15
       11280.000   1.2242492e-15
       11290.000   1.2173776e-15
       11300.000   1.2057197e-15
       11310.000   1.1940618e-15
       11320.000   1.1824039e-15
       11330.000   1.1719818e-15
       11340.000   1.1628979e-15
       11350.000   1.1538140e-15
       11360.000   1.1447302e-15
       11370.000   1.1379440e-15
       11380.000   1.1370638e-15
       11390.000   1.1361836e-15
       11400.000   1.1353034e-15
       11410.000   1.1359086e-15
       11420.000   1.1535996e-15
       11430.000   1.1712907e-15
       11440.000   1.1889817e-15
       11450.000   1.2066727e-15
       11460.000   1.2245610e-15
       11470.000   1.2424787e-15
       11480.000   1.2603964e-15
       11490.000   1.2783142e-15
       11500.000   1.2916094e-15
       11510.000   1.3025229e-15
       11520.000   1.3134364e-15
       11530.000   1.3243500e-15
       11540.000   1.3308300e-15
       11550.000   1.3314326e-15
       11560.000   1.3320352e-15
       11570.000   1.3326379e-15
       11580.000   1.3326640e-15
       11590.000   1.3305222e-15
       11600.000   1.3283805e-15
       11610.000   1.3262387e-15
       11620.000   1.3240969e-15
       11630.000   1.3118321e-15
       11640.000   1.2992544e-15
       11650.000   1.2866766e-15
       11660.000   1.2740989e-15
       11670.000   1.2679775e-15
       11680.000   1.2641240e-15
       11690.000   1.2602705e-15
       11700.000   1.2564170e-15
       11710.000   1.2475378e-15
       11720.000   1.2334265e-15
       11730.000   1.2193152e-15
       11740.000   1.2052038e-15
       11750.000   1.1957397e-15
       11760.000   1.2009886e-15
       11770.000   1.2062375e-15
       11780.000   1.2114864e-15
       11790.000   1.2167354e-15
       11800.000   1.2283482e-15
       11810.000   1.2400257e-15
       11820.000   1.2517032e-15
       11830.000   1.2633808e-15
       11840.000   1.2752678e-15
       11850.000   1.2872324e-15
       11860.000   1.2991969e-15
       11870.000   1.3111615e-15
       11880.000   1.3174953e-15
       11890.000   1.3174776e-15
       11900.000   1.3174600e-15
       11910.000   1.3174423e-15
       11920.000   1.3142385e-15
       11930.000   1.2982905e-15
       11940.000   1.2823425e-15
       11950.000   1.2663945e-15
       11960.000   1.2504465e-15
       11970.000   1.2451507e-15
       11980.000   1.2406558e-15
       11990.000   1.2361608e-15
