       3000.0000   2.2573706e-24
       3010.0000   2.4719490e-24
       3020.0000   2.7051484e-24
       3030.0000   2.9584246e-24
       3040.0000   3.2333345e-24
       3050.0000   3.5315414e-24
       3060.0000   3.8548215e-24
       3070.0000   4.2050709e-24
       3080.0000   4.5843118e-24
       3090.0000   4.9947002e-24
       3100.0000   5.4385336e-24
       3110.0000   5.9182583e-24
       3120.0000   6.4364782e-24
       3130.0000   6.9959633e-24
       3140.0000   7.5996585e-24
       3150.0000   8.2506933e-24
       3160.0000   8.9523916e-24
       3170.0000   9.7082816e-24
       3180.0000   1.0522107e-23
       3190.0000   1.1397838e-23
       3200.0000   1.2339682e-23
       3210.0000   1.3352097e-23
       3220.0000   1.4439803e-23
       3230.0000   1.5607797e-23
       3240.0000   1.6861362e-23
       3250.0000   1.8206087e-23
       3260.0000   1.9647877e-23
       3270.0000   2.1192971e-23
       3280.0000   2.2847955e-23
       3290.0000   2.4619782e-23
       3300.0000   2.6515785e-23
       3310.0000   2.8543695e-23
       3320.0000   3.0711664e-23
       3330.0000   3.3028276e-23
       3340.0000   3.5502572e-23
       3350.0000   3.8144069e-23
       3360.0000   4.0962779e-23
       3370.0000   4.3969231e-23
       3380.0000   4.7174495e-23
       3390.0000   5.0590202e-23
       3400.0000   5.4228568e-23
       3410.0000   5.8102422e-23
       3420.0000   6.2225225e-23
       3430.0000   6.6611099e-23
       3440.0000   7.1274856e-23
       3450.0000   7.6232019e-23
       3460.0000   8.1498856e-23
       3470.0000   8.7092406e-23
       3480.0000   9.3030509e-23
       3490.0000   9.9331839e-23
       3500.0000   1.0601593e-22
       3510.0000   1.1310322e-22
       3520.0000   1.2061505e-22
       3530.0000   1.2857377e-22
       3540.0000   1.3700269e-22
       3550.0000   1.4592616e-22
       3560.0000   1.5536961e-22
       3570.0000   1.6535958e-22
       3580.0000   1.7592374e-22
       3590.0000   1.8709096e-22
       3600.0000   1.9889134e-22
       3610.0000   2.1135624e-22
       3620.0000   2.2451833e-22
       3630.0000   2.3841164e-22
       3640.0000   2.5307159e-22
       3650.0000   2.6853506e-22
       3660.0000   2.8484040e-22
       3670.0000   3.0202750e-22
       3680.0000   3.2013786e-22
       3690.0000   3.3921458e-22
       3700.0000   3.5930247e-22
       3710.0000   3.8044807e-22
       3720.0000   4.0269970e-22
       3730.0000   4.2610753e-22
       3740.0000   4.5072364e-22
       3750.0000   4.7660204e-22
       3760.0000   5.0379875e-22
       3770.0000   5.3237186e-22
       3780.0000   5.6238161e-22
       3790.0000   5.9389037e-22
       3800.0000   6.2696281e-22
       3810.0000   6.6166586e-22
       3820.0000   6.9806885e-22
       3830.0000   7.3624353e-22
       3840.0000   7.7626414e-22
       3850.0000   8.1820749e-22
       3860.0000   8.6215301e-22
       3870.0000   9.0818284e-22
       3880.0000   9.5638188e-22
       3890.0000   1.0068378e-21
       3900.0000   1.0596414e-21
       3910.0000   1.1148861e-21
       3920.0000   1.1726686e-21
       3930.0000   1.2330887e-21
       3940.0000   1.2962494e-21
       3950.0000   1.3622569e-21
       3960.0000   1.4312209e-21
       3970.0000   1.5032542e-21
       3980.0000   1.5784735e-21
       3990.0000   1.6569988e-21
       4000.0000   1.7389538e-21
       4010.0000   1.8244661e-21
       4020.0000   1.9136670e-21
       4030.0000   2.0066917e-21
       4040.0000   2.1036794e-21
       4050.0000   2.2047734e-21
       4060.0000   2.3101210e-21
       4070.0000   2.4198740e-21
       4080.0000   2.5341883e-21
       4090.0000   2.6532244e-21
       4100.0000   2.7771471e-21
       4110.0000   2.9061259e-21
       4120.0000   3.0403350e-21
       4130.0000   3.1799533e-21
       4140.0000   3.3251645e-21
       4150.0000   3.4761575e-21
       4160.0000   3.6331259e-21
       4170.0000   3.7962687e-21
       4180.0000   3.9657899e-21
       4190.0000   4.1418990e-21
       4200.0000   4.3248107e-21
       4210.0000   4.5147454e-21
       4220.0000   4.7119291e-21
       4230.0000   4.9165932e-21
       4240.0000   5.1289752e-21
       4250.0000   5.3493184e-21
       4260.0000   5.5778719e-21
       4270.0000   5.8148909e-21
       4280.0000   6.0606371e-21
       4290.0000   6.3153781e-21
       4300.0000   6.5793878e-21
       4310.0000   6.8529470e-21
       4320.0000   7.1363425e-21
       4330.0000   7.4298681e-21
       4340.0000   7.7338242e-21
       4350.0000   8.0485181e-21
       4360.0000   8.3742641e-21
       4370.0000   8.7113832e-21
       4380.0000   9.0602040e-21
       4390.0000   9.4210620e-21
       4400.0000   9.7943000e-21
       4410.0000   1.0180268e-20
       4420.0000   1.0579325e-20
       4430.0000   1.0991835e-20
       4440.0000   1.1418172e-20
       4450.0000   1.1858717e-20
       4460.0000   1.2313859e-20
       4470.0000   1.2783993e-20
       4480.0000   1.3269526e-20
       4490.0000   1.3770871e-20
       4500.0000   1.4288448e-20
       4510.0000   1.4822687e-20
       4520.0000   1.5374027e-20
       4530.0000   1.5942915e-20
       4540.0000   1.6529804e-20
       4550.0000   1.7135161e-20
       4560.0000   1.7759457e-20
       4570.0000   1.8403175e-20
       4580.0000   1.9066804e-20
       4590.0000   1.9750846e-20
       4600.0000   2.0455809e-20
       4610.0000   2.1182211e-20
       4620.0000   2.1930581e-20
       4630.0000   2.2701455e-20
       4640.0000   2.3495379e-20
       4650.0000   2.4312911e-20
       4660.0000   2.5154615e-20
       4670.0000   2.6021068e-20
       4680.0000   2.6912856e-20
       4690.0000   2.7830572e-20
       4700.0000   2.8774824e-20
       4710.0000   2.9746226e-20
       4720.0000   3.0745404e-20
       4730.0000   3.1772994e-20
       4740.0000   3.2829642e-20
       4750.0000   3.3916004e-20
       4760.0000   3.5032748e-20
       4770.0000   3.6180551e-20
       4780.0000   3.7360102e-20
       4790.0000   3.8572097e-20
       4800.0000   3.9817249e-20
       4810.0000   4.1096275e-20
       4820.0000   4.2409909e-20
       4830.0000   4.3758890e-20
       4840.0000   4.5143973e-20
       4850.0000   4.6565921e-20
       4860.0000   4.8025509e-20
       4870.0000   4.9523524e-20
       4880.0000   5.1060762e-20
       4890.0000   5.2638033e-20
       4900.0000   5.4256156e-20
       4910.0000   5.5915961e-20
       4920.0000   5.7618293e-20
       4930.0000   5.9364005e-20
       4940.0000   6.1153961e-20
       4950.0000   6.2989040e-20
       4960.0000   6.4870130e-20
       4970.0000   6.6798131e-20
       4980.0000   6.8773954e-20
       4990.0000   7.0798523e-20
       5000.0000   7.2872774e-20
       5010.0000   7.4997652e-20
       5020.0000   7.7174118e-20
       5030.0000   7.9403140e-20
       5040.0000   8.1685702e-20
       5050.0000   8.4022798e-20
       5060.0000   8.6415432e-20
       5070.0000   8.8864624e-20
       5080.0000   9.1371403e-20
       5090.0000   9.3936810e-20
       5100.0000   9.6561899e-20
       5110.0000   9.9247736e-20
       5120.0000   1.0199540e-19
       5130.0000   1.0480597e-19
       5140.0000   1.0768057e-19
       5150.0000   1.1062029e-19
       5160.0000   1.1362626e-19
       5170.0000   1.1669963e-19
       5180.0000   1.1984154e-19
       5190.0000   1.2305315e-19
       5200.0000   1.2633564e-19
       5210.0000   1.2969019e-19
       5220.0000   1.3311799e-19
       5230.0000   1.3662027e-19
       5240.0000   1.4019823e-19
       5250.0000   1.4385311e-19
       5260.0000   1.4758615e-19
       5270.0000   1.5139862e-19
       5280.0000   1.5529178e-19
       5290.0000   1.5926691e-19
       5300.0000   1.6332531e-19
       5310.0000   1.6746827e-19
       5320.0000   1.7169711e-19
       5330.0000   1.7601316e-19
       5340.0000   1.8041776e-19
       5350.0000  -4.8529640e-18
       5360.0000   2.1435513e-18
       5370.0000   1.0077070e-17
       5380.0000   1.0180415e-17
       5390.0000   3.2127942e-18
       5400.0000   6.6301435e-18
       5410.0000   9.2806784e-18
       5420.0000   3.0513461e-18
       5430.0000   1.6515221e-18
       5440.0000   2.8243802e-18
       5450.0000   4.5897398e-18
       5460.0000   1.2774811e-17
       5470.0000   9.9440049e-18
       5480.0000   2.8356521e-18
       5490.0000   4.0067352e-18
       5500.0000   2.9956093e-18
       5510.0000   3.3051693e-18
       5520.0000   4.6062378e-18
       5530.0000   1.7676773e-18
       5540.0000   1.3685560e-18
       5550.0000   3.5756638e-18
       5560.0000   2.9153007e-18
       5570.0000   1.9034182e-17
       5580.0000   1.7568062e-17
       5590.0000   5.4316457e-18
       5600.0000   2.9800842e-18
       5610.0000   2.9127068e-18
       5620.0000   2.1940165e-18
       5630.0000  -1.2079856e-18
       5640.0000   9.1963171e-19
       5650.0000   3.6308561e-18
       5660.0000   1.6368813e-18
       5670.0000   2.5769643e-18
       5680.0000   2.5122535e-18
       5690.0000   7.5409106e-19
       5700.0000   2.8330749e-18
       5710.0000   4.4354556e-18
       5720.0000   4.1135726e-18
       5730.0000   8.2787480e-18
       5740.0000   2.7614651e-18
       5750.0000   3.7052142e-19
       5760.0000   1.6191058e-18
       5770.0000   6.0574688e-18
       5780.0000   4.5705970e-18
       5790.0000  -6.0428675e-19
       5800.0000   8.1998569e-20
       5810.0000   2.8789702e-18
       5820.0000   5.3122200e-18
       5830.0000   2.8834460e-18
       5840.0000   6.0410904e-19
       5850.0000   1.7631683e-18
       5860.0000   2.1004320e-18
       5870.0000   3.0607757e-18
       5880.0000   1.4003357e-18
       5890.0000   1.7548025e-19
       5900.0000  -8.9567317e-19
       5910.0000  -1.4766122e-18
       5920.0000  -7.8671503e-19
       5930.0000   1.6192760e-18
       5940.0000   4.6836281e-18
       5950.0000   5.7130758e-18
       5960.0000   6.8444060e-18
       5970.0000   6.2572361e-18
       5980.0000   3.4958550e-18
       5990.0000   4.8356693e-18
       6000.0000   3.2629837e-18
       6010.0000   1.6867175e-18
       6020.0000   3.5724839e-18
       6030.0000   2.3674983e-18
       6040.0000   2.9369359e-18
       6050.0000   4.7515975e-18
       6060.0000   3.2007292e-18
       6070.0000   2.4090569e-18
       6080.0000  -4.0314243e-19
       6090.0000  -2.3272993e-19
       6100.0000   4.0161216e-18
       6110.0000   6.8513108e-18
       6120.0000   5.4539352e-18
       6130.0000   1.2770593e-18
       6140.0000   1.8826884e-18
       6150.0000   4.7697174e-18
       6160.0000   7.2653421e-18
       6170.0000   6.9900295e-18
       6180.0000   4.0674510e-18
       6190.0000   2.0807214e-18
       6200.0000   3.7811587e-18
       6210.0000   6.3358163e-18
       6220.0000   6.0353121e-18
       6230.0000   6.1683464e-18
       6240.0000   5.5182730e-18
       6250.0000   6.4338631e-18
       6260.0000   6.6179284e-18
       6270.0000   6.9069365e-18
       6280.0000   5.2520609e-18
       6290.0000   4.9945440e-18
       6300.0000   4.0497751e-18
       6310.0000   5.8063077e-18
       6320.0000   6.5992932e-18
       6330.0000   6.9844800e-18
       6340.0000   6.6857819e-18
       6350.0000   6.2522392e-18
       6360.0000   7.9307792e-18
       6370.0000   8.6768241e-18
       6380.0000   8.9379102e-18
       6390.0000   8.5740741e-18
       6400.0000   8.7037173e-18
       6410.0000   8.4733970e-18
       6420.0000   7.7315654e-18
       6430.0000   7.3029558e-18
       6440.0000   8.6610724e-18
       6450.0000   1.0700857e-17
       6460.0000   1.1115219e-17
       6470.0000   1.1072187e-17
       6480.0000   1.1708999e-17
       6490.0000   1.3231918e-17
       6500.0000   1.3985150e-17
       6510.0000   1.6235089e-17
       6520.0000   1.6128148e-17
       6530.0000   1.6542962e-17
       6540.0000   1.6204948e-17
       6550.0000   1.7693199e-17
       6560.0000   1.7914657e-17
       6570.0000   1.8109731e-17
       6580.0000   1.6574409e-17
       6590.0000   1.8654862e-17
       6600.0000   2.0502853e-17
       6610.0000   2.0855464e-17
       6620.0000   2.0844560e-17
       6630.0000   2.0617680e-17
       6640.0000   2.3059424e-17
       6650.0000   2.5127542e-17
       6660.0000   2.5656441e-17
       6670.0000   2.5747832e-17
       6680.0000   2.5242270e-17
       6690.0000   2.4666473e-17
       6700.0000   2.3626936e-17
       6710.0000   2.4869009e-17
       6720.0000   2.7353801e-17
       6730.0000   2.8759620e-17
       6740.0000   2.9998817e-17
       6750.0000   2.9900293e-17
       6760.0000   3.0639506e-17
       6770.0000   3.1469695e-17
       6780.0000   3.1854415e-17
       6790.0000   3.1081729e-17
       6800.0000   2.9064050e-17
       6810.0000   2.8617032e-17
       6820.0000   3.1129660e-17
       6830.0000   3.0502799e-17
       6840.0000   3.0105312e-17
       6850.0000   2.8136416e-17
       6860.0000   2.6645832e-17
       6870.0000   2.4790037e-17
       6880.0000   2.3172104e-17
       6890.0000   2.4348545e-17
       6900.0000   2.7003223e-17
       6910.0000   2.7498083e-17
       6920.0000   2.7499457e-17
       6930.0000   2.8362051e-17
       6940.0000   2.8620158e-17
       6950.0000   2.8635035e-17
       6960.0000   2.9253631e-17
       6970.0000   3.0389172e-17
       6980.0000   2.9746369e-17
       6990.0000   2.7884373e-17
       7000.0000   2.9139548e-17
       7010.0000   3.0486516e-17
       7020.0000   3.3112068e-17
       7030.0000   3.5552651e-17
       7040.0000   3.9364334e-17
       7050.0000   4.1134645e-17
       7060.0000   4.0410471e-17
       7070.0000   4.2229966e-17
       7080.0000   4.3713526e-17
       7090.0000   4.2498945e-17
       7100.0000   4.1147372e-17
       7110.0000   4.3249918e-17
       7120.0000   4.5597744e-17
       7130.0000   4.4840370e-17
       7140.0000   4.3902100e-17
       7150.0000   4.3372277e-17
       7160.0000   4.3108841e-17
       7170.0000   4.3659439e-17
       7180.0000   4.4050124e-17
       7190.0000   4.6127429e-17
       7200.0000   4.6469614e-17
       7210.0000   4.7663660e-17
       7220.0000   4.8822007e-17
       7230.0000   4.8719205e-17
       7240.0000   4.7970622e-17
       7250.0000   4.9405647e-17
       7260.0000   5.0856329e-17
       7270.0000   5.1616362e-17
       7280.0000   5.1839068e-17
       7290.0000   5.2844805e-17
       7300.0000   5.2105449e-17
       7310.0000   5.2541490e-17
       7320.0000   5.2382807e-17
       7330.0000   5.3353816e-17
       7340.0000   5.1970243e-17
       7350.0000   5.1726569e-17
       7360.0000   5.1189376e-17
       7370.0000   5.1575349e-17
       7380.0000   5.2496207e-17
       7390.0000   5.0900351e-17
       7400.0000   5.0285063e-17
       7410.0000   4.9399160e-17
       7420.0000   5.0329308e-17
       7430.0000   4.8539114e-17
       7440.0000   4.6194570e-17
       7450.0000   4.2755246e-17
       7460.0000   4.2334215e-17
       7470.0000   4.1445112e-17
       7480.0000   4.0238647e-17
       7490.0000   4.0518610e-17
       7500.0000   3.8408467e-17
       7510.0000   3.7436806e-17
       7520.0000   3.4203382e-17
       7530.0000   3.3719052e-17
       7540.0000   3.1755075e-17
       7550.0000   3.1299393e-17
       7560.0000   2.9033475e-17
       7570.0000   2.7256783e-17
       7580.0000   2.4543568e-17
       7590.0000   1.9070934e-17
       7600.0000   1.4952987e-17
       7610.0000   1.2789294e-17
       7620.0000   1.1587239e-17
       7630.0000   1.0579236e-17
       7640.0000   7.7087912e-18
       7650.0000   5.8441505e-18
       7660.0000   3.5098983e-18
       7670.0000   4.4766070e-18
       7680.0000   3.6616534e-18
       7690.0000   3.9046205e-18
       7700.0000   3.3351495e-18
       7710.0000   6.5788198e-18
       7720.0000   8.8102629e-18
       7730.0000   1.1540306e-17
       7740.0000   1.7139557e-17
       7750.0000   2.0903940e-17
       7760.0000   2.5071644e-17
       7770.0000   2.4917879e-17
       7780.0000   2.8467249e-17
       7790.0000   2.6076669e-17
       7800.0000   3.1880264e-17
       7810.0000   3.5015447e-17
       7820.0000   4.3954604e-17
       7830.0000   4.6367919e-17
       7840.0000   5.0659947e-17
       7850.0000   5.3674555e-17
       7860.0000   5.6049187e-17
       7870.0000   5.8247982e-17
       7880.0000   6.2308259e-17
       7890.0000   6.4716363e-17
       7900.0000   7.0568238e-17
       7910.0000   7.6107755e-17
       7920.0000   8.1834401e-17
       7930.0000   7.9192944e-17
       7940.0000   7.0415239e-17
       7950.0000   7.2905806e-17
       7960.0000   7.8181500e-17
       7970.0000   9.0954129e-17
       7980.0000   9.4549360e-17
       7990.0000   1.0189632e-16
       8000.0000   1.0550996e-16
       8010.0000   1.0624777e-16
       8020.0000   1.0709075e-16
       8030.0000   1.1126320e-16
       8040.0000   1.1875930e-16
       8050.0000   1.2284771e-16
       8060.0000   1.2711454e-16
       8070.0000   1.3300976e-16
       8080.0000   1.4052517e-16
       8090.0000   1.4472282e-16
       8100.0000   1.4579274e-16
       8110.0000   1.4592847e-16
       8120.0000   1.4793232e-16
       8130.0000   1.4826979e-16
       8140.0000   1.4889394e-16
       8150.0000   1.4979353e-16
       8160.0000   1.5473112e-16
       8170.0000   1.5261819e-16
       8180.0000   1.4699457e-16
       8190.0000   1.4092203e-16
       8200.0000   1.5271309e-16
       8210.0000   1.6703891e-16
       8220.0000   1.8119879e-16
       8230.0000   1.8695876e-16
       8240.0000   1.9232424e-16
       8250.0000   1.9892794e-16
       8260.0000   2.0299642e-16
       8270.0000   2.0744368e-16
       8280.0000   2.1055623e-16
       8290.0000   2.1435639e-16
       8300.0000   2.1509486e-16
       8310.0000   2.1729167e-16
       8320.0000   2.1696383e-16
       8330.0000   2.2233629e-16
       8340.0000   2.2959586e-16
       8350.0000   2.3441220e-16
       8360.0000   2.3968253e-16
       8370.0000   2.4127581e-16
       8380.0000   2.4524373e-16
       8390.0000   2.4772211e-16
       8400.0000   2.5391841e-16
       8410.0000   2.6149481e-16
       8420.0000   2.6303916e-16
       8430.0000   2.6109612e-16
       8440.0000   2.5365609e-16
       8450.0000   2.5107124e-16
       8460.0000   2.5287835e-16
       8470.0000   2.5502349e-16
       8480.0000   2.5585356e-16
       8490.0000   2.5655366e-16
       8500.0000   2.5664155e-16
       8510.0000   2.3315803e-16
       8520.0000   2.3692415e-16
       8530.0000   2.4230932e-16
       8540.0000   2.7450132e-16
       8550.0000   2.8678303e-16
       8560.0000   2.9347912e-16
       8570.0000   2.9954252e-16
       8580.0000   3.0222022e-16
       8590.0000   3.0630293e-16
       8600.0000   2.8161884e-16
       8610.0000   2.3856136e-16
       8620.0000   1.8925923e-16
       8630.0000   1.6072182e-16
       8640.0000   1.7189681e-16
       8650.0000   1.9286112e-16
       8660.0000   2.1204515e-16
       8670.0000   2.2206640e-16
       8680.0000   2.1555291e-16
       8690.0000   1.9988222e-16
       8700.0000   1.8157345e-16
       8710.0000   1.7191802e-16
       8720.0000   1.7779562e-16
       8730.0000   1.9028290e-16
       8740.0000   1.9905896e-16
       8750.0000   2.0806051e-16
       8760.0000   2.2136244e-16
       8770.0000   2.2380110e-16
       8780.0000   2.2481586e-16
       8790.0000   2.2588347e-16
       8800.0000   2.2928931e-16
       8810.0000   2.4362715e-16
       8820.0000   2.5109915e-16
       8830.0000   2.6110866e-16
       8840.0000   2.5350024e-16
       8850.0000   2.5780624e-16
       8860.0000   2.5012220e-16
       8870.0000   2.6454887e-16
       8880.0000   2.6877744e-16
       8890.0000   3.0008809e-16
       8900.0000   2.7992015e-16
       8910.0000   2.7882504e-16
       8920.0000   2.7772992e-16
       8930.0000   2.8664808e-16
       8940.0000   2.9607162e-16
       8950.0000   3.0549516e-16
       8960.0000   3.0680353e-16
       8970.0000   3.0230760e-16
       8980.0000   2.9781166e-16
       8990.0000   2.9488957e-16
       9000.0000   2.9846383e-16
       9010.0000   3.0203810e-16
       9020.0000   3.0561237e-16
       9030.0000   3.2421634e-16
       9040.0000   3.4684050e-16
       9050.0000   3.6946467e-16
       9060.0000   3.8201664e-16
       9070.0000   3.7696723e-16
       9080.0000   3.7191783e-16
       9090.0000   3.6686843e-16
       9100.0000   3.9188853e-16
       9110.0000   4.1945344e-16
       9120.0000   4.4701835e-16
       9130.0000   4.5537974e-16
       9140.0000   4.4129160e-16
       9150.0000   4.2720346e-16
       9160.0000   4.1311533e-16
       9170.0000   4.0033530e-16
       9180.0000   3.8757788e-16
       9190.0000   3.7482047e-16
       9200.0000   3.8102285e-16
       9210.0000   4.0719631e-16
       9220.0000   4.3336978e-16
       9230.0000   4.5954324e-16
       9240.0000   4.6699675e-16
       9250.0000   4.7393171e-16
       9260.0000   4.8086668e-16
       9270.0000   4.8382484e-16
       9280.0000   4.8176233e-16
       9290.0000   4.7969983e-16
       9300.0000   4.7763733e-16
       9310.0000   4.9257180e-16
       9320.0000   5.0952066e-16
       9330.0000   5.2646952e-16
       9340.0000   5.3088577e-16
       9350.0000   5.0962866e-16
       9360.0000   4.8837155e-16
       9370.0000   4.6711444e-16
       9380.0000   4.6409041e-16
       9390.0000   4.6727455e-16
       9400.0000   4.7045869e-16
       9410.0000   4.7482527e-16
       9420.0000   4.8610853e-16
       9430.0000   4.9739178e-16
       9440.0000   5.0867504e-16
       9450.0000   5.0874714e-16
       9460.0000   4.9891929e-16
       9470.0000   4.8909144e-16
       9480.0000   4.7926359e-16
       9490.0000   5.0688351e-16
       9500.0000   5.3875479e-16
       9510.0000   5.7062606e-16
       9520.0000   5.9197058e-16
       9530.0000   5.8156972e-16
       9540.0000   5.7116886e-16
       9550.0000   5.6076800e-16
       9560.0000   5.6221912e-16
       9570.0000   5.7207940e-16
       9580.0000   5.8193968e-16
       9590.0000   5.9179996e-16
       9600.0000   5.9684696e-16
       9610.0000   6.0138284e-16
       9620.0000   6.0591873e-16
       9630.0000   6.0740927e-16
       9640.0000   5.9723561e-16
       9650.0000   5.8706195e-16
       9660.0000   5.7688829e-16
       9670.0000   5.7573063e-16
       9680.0000   5.8377038e-16
       9690.0000   5.9181012e-16
       9700.0000   5.9984987e-16
       9710.0000   6.0561111e-16
       9720.0000   6.1068015e-16
       9730.0000   6.1574919e-16
       9740.0000   6.2052904e-16
       9750.0000   6.1356059e-16
       9760.0000   6.0659214e-16
       9770.0000   5.9962369e-16
       9780.0000   5.9693803e-16
       9790.0000   6.0606936e-16
       9800.0000   6.1520069e-16
       9810.0000   6.2433202e-16
       9820.0000   6.3469659e-16
       9830.0000   6.4632959e-16
       9840.0000   6.5796259e-16
       9850.0000   6.6959559e-16
       9860.0000   6.6320971e-16
       9870.0000   6.4928332e-16
       9880.0000   6.3535692e-16
       9890.0000   6.2143052e-16
       9900.0000   6.2725007e-16
       9910.0000   6.3521611e-16
       9920.0000   6.4318215e-16
       9930.0000   6.5034929e-16
       9940.0000   6.4901904e-16
       9950.0000   6.4768878e-16
       9960.0000   6.4635852e-16
       9970.0000   6.4192624e-16
       9980.0000   6.2843028e-16
       9990.0000   6.1493432e-16
       10000.000   6.0143836e-16
       10010.000   5.9352529e-16
       10020.000   5.9364422e-16
       10030.000   5.9376314e-16
       10040.000   5.9388206e-16
       10050.000   5.9355507e-16
       10060.000   5.9286325e-16
       10070.000   5.9217143e-16
       10080.000   5.9147961e-16
       10090.000   5.8544093e-16
       10100.000   5.7688586e-16
       10110.000   5.6833079e-16
       10120.000   5.5977573e-16
       10130.000   5.6896809e-16
       10140.000   5.8287980e-16
       10150.000   5.9679151e-16
       10160.000   6.1070321e-16
       10170.000   6.2810230e-16
       10180.000   6.4588929e-16
       10190.000   6.6367628e-16
       10200.000   6.8146327e-16
       10210.000   6.8269822e-16
       10220.000   6.8359505e-16
       10230.000   6.8449187e-16
       10240.000   6.8520439e-16
       10250.000   6.8303263e-16
       10260.000   6.8086087e-16
       10270.000   6.7868911e-16
       10280.000   6.7809189e-16
       10290.000   6.8903915e-16
       10300.000   6.9998640e-16
       10310.000   7.1093365e-16
       10320.000   7.1955791e-16
       10330.000   7.1684201e-16
       10340.000   7.1412612e-16
       10350.000   7.1141023e-16
       10360.000   7.0869462e-16
       10370.000   7.0598009e-16
       10380.000   7.0326557e-16
       10390.000   7.0055104e-16
       10400.000   7.0165517e-16
       10410.000   7.1484915e-16
       10420.000   7.2804312e-16
       10430.000   7.4123710e-16
       10440.000   7.5705074e-16
       10450.000   7.8072341e-16
       10460.000   8.0439608e-16
       10470.000   8.2806875e-16
       10480.000   8.4326297e-16
       10490.000   8.3433358e-16
       10500.000   8.2540420e-16
       10510.000   8.1647482e-16
       10520.000   8.1055863e-16
       10530.000   8.1367735e-16
       10540.000   8.1679606e-16
       10550.000   8.1991477e-16
       10560.000   8.2573392e-16
       10570.000   8.4059466e-16
       10580.000   8.5545541e-16
       10590.000   8.7031615e-16
       10600.000   8.8114427e-16
       10610.000   8.7584187e-16
       10620.000   8.7053947e-16
       10630.000   8.6523708e-16
       10640.000   8.6103488e-16
       10650.000   8.6261040e-16
       10660.000   8.6418592e-16
       10670.000   8.6576143e-16
       10680.000   8.6795386e-16
       10690.000   8.7513963e-16
       10700.000   8.8232539e-16
       10710.000   8.8951116e-16
       10720.000   8.9648908e-16
       10730.000   8.9848370e-16
       10740.000   9.0047831e-16
       10750.000   9.0247293e-16
       10760.000   9.0446755e-16
       10770.000   9.0915410e-16
       10780.000   9.1392385e-16
       10790.000   9.1869361e-16
       10800.000   9.2346336e-16
       10810.000   9.2806277e-16
       10820.000   9.3264114e-16
       10830.000   9.3721951e-16
       10840.000   9.4179788e-16
       10850.000   9.5456570e-16
       10860.000   9.6938089e-16
       10870.000   9.8419607e-16
       10880.000   9.9901125e-16
       10890.000   9.9669587e-16
       10900.000   9.8703881e-16
       10910.000   9.7738175e-16
       10920.000   9.6772468e-16
       10930.000   9.6231541e-16
       10940.000   9.5985751e-16
       10950.000   9.5739962e-16
       10960.000   9.5494172e-16
       10970.000   9.5358399e-16
       10980.000   9.5346678e-16
       10990.000   9.5334957e-16
       11000.000   9.5323236e-16
       11010.000   9.4960996e-16
       11020.000   9.3918455e-16
       11030.000   9.2875913e-16
       11040.000   9.1833371e-16
       11050.000   9.1157876e-16
       11060.000   9.1862685e-16
       11070.000   9.2567494e-16
       11080.000   9.3272303e-16
       11090.000   9.3906080e-16
       11100.000   9.3426242e-16
       11110.000   9.2946404e-16
       11120.000   9.2466566e-16
       11130.000   9.1986727e-16
       11140.000   9.2148964e-16
       11150.000   9.2374733e-16
       11160.000   9.2600502e-16
       11170.000   9.2826271e-16
       11180.000   9.3226407e-16
       11190.000   9.3684666e-16
       11200.000   9.4142925e-16
       11210.000   9.4601184e-16
       11220.000   9.3989217e-16
       11230.000   9.2602197e-16
       11240.000   9.1215177e-16
       11250.000   8.9828157e-16
       11260.000   8.9806521e-16
       11270.000   9.1832959e-16
       11280.000   9.3859398e-16
       11290.000   9.5885836e-16
       11300.000   9.7145523e-16
       11310.000   9.5685489e-16
       11320.000   9.4225454e-16
       11330.000   9.2765420e-16
       11340.000   9.1362223e-16
       11350.000   9.1798001e-16
       11360.000   9.2233780e-16
       11370.000   9.2669559e-16
       11380.000   9.3105338e-16
       11390.000   9.3188282e-16
       11400.000   9.3198949e-16
       11410.000   9.3209617e-16
       11420.000   9.3220284e-16
       11430.000   9.3077127e-16
       11440.000   9.2843622e-16
       11450.000   9.2610116e-16
       11460.000   9.2376611e-16
       11470.000   9.2742076e-16
       11480.000   9.3934626e-16
       11490.000   9.5127175e-16
       11500.000   9.6319725e-16
       11510.000   9.7313279e-16
       11520.000   9.7510851e-16
       11530.000   9.7708423e-16
       11540.000   9.7905994e-16
       11550.000   9.8103566e-16
       11560.000   9.8503530e-16
       11570.000   9.8907629e-16
       11580.000   9.9311727e-16
       11590.000   9.9715826e-16
       11600.000   1.0049810e-15
       11610.000   1.0140643e-15
       11620.000   1.0231476e-15
       11630.000   1.0322309e-15
       11640.000   1.0303512e-15
       11650.000   1.0179367e-15
       11660.000   1.0055222e-15
       11670.000   9.9310778e-16
       11680.000   9.8436172e-16
       11690.000   9.8553298e-16
       11700.000   9.8670424e-16
       11710.000   9.8787549e-16
       11720.000   9.8893243e-16
       11730.000   9.8629058e-16
       11740.000   9.8364872e-16
       11750.000   9.8100687e-16
       11760.000   9.7836502e-16
       11770.000   9.7903122e-16
       11780.000   9.8063058e-16
       11790.000   9.8222993e-16
       11800.000   9.8382928e-16
       11810.000   9.8596373e-16
       11820.000   9.8859206e-16
       11830.000   9.9122039e-16
       11840.000   9.9384873e-16
       11850.000   9.9715818e-16
       11860.000   1.0024056e-15
       11870.000   1.0076531e-15
       11880.000   1.0129005e-15
       11890.000   1.0181480e-15
       11900.000   1.0348497e-15
       11910.000   1.0516678e-15
       11920.000   1.0684858e-15
       11930.000   1.0853039e-15
       11940.000   1.0937134e-15
       11950.000   1.0990140e-15
       11960.000   1.1043147e-15
       11970.000   1.1096153e-15
       11980.000   1.1096427e-15
       11990.000   1.1032225e-15
