       3000.0000   3.4493107e-25
       3010.0000   3.8008391e-25
       3020.0000   4.1852716e-25
       3030.0000   4.6054056e-25
       3040.0000   5.0642510e-25
       3050.0000   5.5650449e-25
       3060.0000   6.1112659e-25
       3070.0000   6.7066505e-25
       3080.0000   7.3552092e-25
       3090.0000   8.0612445e-25
       3100.0000   8.8293690e-25
       3110.0000   9.6645251e-25
       3120.0000   1.0572006e-24
       3130.0000   1.1557475e-24
       3140.0000   1.2626992e-24
       3150.0000   1.3787035e-24
       3160.0000   1.5044523e-24
       3170.0000   1.6406847e-24
       3180.0000   1.7881894e-24
       3190.0000   1.9478078e-24
       3200.0000   2.1204367e-24
       3210.0000   2.3070321e-24
       3220.0000   2.5086116e-24
       3230.0000   2.7262588e-24
       3240.0000   2.9611264e-24
       3250.0000   3.2144400e-24
       3260.0000   3.4875023e-24
       3270.0000   3.7816971e-24
       3280.0000   4.0984937e-24
       3290.0000   4.4394513e-24
       3300.0000   4.8062237e-24
       3310.0000   5.2005644e-24
       3320.0000   5.6243316e-24
       3330.0000   6.0794933e-24
       3340.0000   6.5681332e-24
       3350.0000   7.0924564e-24
       3360.0000   7.6547949e-24
       3370.0000   8.2576146e-24
       3380.0000   8.9035212e-24
       3390.0000   9.5952671e-24
       3400.0000   1.0335759e-23
       3410.0000   1.1128062e-23
       3420.0000   1.1975414e-23
       3430.0000   1.2881226e-23
       3440.0000   1.3849093e-23
       3450.0000   1.4882804e-23
       3460.0000   1.5986349e-23
       3470.0000   1.7163928e-23
       3480.0000   1.8419961e-23
       3490.0000   1.9759096e-23
       3500.0000   2.1186221e-23
       3510.0000   2.2706473e-23
       3520.0000   2.4325249e-23
       3530.0000   2.6048215e-23
       3540.0000   2.7881322e-23
       3550.0000   2.9830812e-23
       3560.0000   3.1903234e-23
       3570.0000   3.4105455e-23
       3580.0000   3.6444671e-23
       3590.0000   3.8928425e-23
       3600.0000   4.1564614e-23
       3610.0000   4.4361509e-23
       3620.0000   4.7327764e-23
       3630.0000   5.0472437e-23
       3640.0000   5.3804997e-23
       3650.0000   5.7335349e-23
       3660.0000   6.1073840e-23
       3670.0000   6.5031284e-23
       3680.0000   6.9218976e-23
       3690.0000   7.3648705e-23
       3700.0000   7.8332779e-23
       3710.0000   8.3284039e-23
       3720.0000   8.8515877e-23
       3730.0000   9.4042260e-23
       3740.0000   9.9877742e-23
       3750.0000   1.0603749e-22
       3760.0000   1.1253731e-22
       3770.0000   1.1939365e-22
       3780.0000   1.2662364e-22
       3790.0000   1.3424510e-22
       3800.0000   1.4227659e-22
       3810.0000   1.5073738e-22
       3820.0000   1.5964754e-22
       3830.0000   1.6902790e-22
       3840.0000   1.7890013e-22
       3850.0000   1.8928673e-22
       3860.0000   2.0021106e-22
       3870.0000   2.1169739e-22
       3880.0000   2.2377089e-22
       3890.0000   2.3645769e-22
       3900.0000   2.4978489e-22
       3910.0000   2.6378060e-22
       3920.0000   2.7847394e-22
       3930.0000   2.9389512e-22
       3940.0000   3.1007542e-22
       3950.0000   3.2704725e-22
       3960.0000   3.4484418e-22
       3970.0000   3.6350095e-22
       3980.0000   3.8305354e-22
       3990.0000   4.0353915e-22
       4000.0000   4.2499628e-22
       4010.0000   4.4746476e-22
       4020.0000   4.7098574e-22
       4030.0000   4.9560178e-22
       4040.0000   5.2135686e-22
       4050.0000   5.4829640e-22
       4060.0000   5.7646735e-22
       4070.0000   6.0591816e-22
       4080.0000   6.3669885e-22
       4090.0000   6.6886107e-22
       4100.0000   7.0245810e-22
       4110.0000   7.3754491e-22
       4120.0000   7.7417819e-22
       4130.0000   8.1241641e-22
       4140.0000   8.5231983e-22
       4150.0000   8.9395056e-22
       4160.0000   9.3737261e-22
       4170.0000   9.8265192e-22
       4180.0000   1.0298564e-21
       4190.0000   1.0790560e-21
       4200.0000   1.1303226e-21
       4210.0000   1.1837305e-21
       4220.0000   1.2393557e-21
       4230.0000   1.2972769e-21
       4240.0000   1.3575746e-21
       4250.0000   1.4203318e-21
       4260.0000   1.4856339e-21
       4270.0000   1.5535685e-21
       4280.0000   1.6242258e-21
       4290.0000   1.6976983e-21
       4300.0000   1.7740811e-21
       4310.0000   1.8534720e-21
       4320.0000   1.9359713e-21
       4330.0000   2.0216819e-21
       4340.0000   2.1107095e-21
       4350.0000   2.2031627e-21
       4360.0000   2.2991528e-21
       4370.0000   2.3987938e-21
       4380.0000   2.5022029e-21
       4390.0000   2.6095002e-21
       4400.0000   2.7208088e-21
       4410.0000   2.8362548e-21
       4420.0000   2.9559676e-21
       4430.0000   3.0800796e-21
       4440.0000   3.2087266e-21
       4450.0000   3.3420475e-21
       4460.0000   3.4801848e-21
       4470.0000   3.6232843e-21
       4480.0000   3.7714950e-21
       4490.0000   3.9249697e-21
       4500.0000   4.0838648e-21
       4510.0000   4.2483399e-21
       4520.0000   4.4185588e-21
       4530.0000   4.5946887e-21
       4540.0000   4.7769006e-21
       4550.0000   4.9653694e-21
       4560.0000   5.1602738e-21
       4570.0000   5.3617965e-21
       4580.0000   5.5701242e-21
       4590.0000   5.7854478e-21
       4600.0000   6.0079619e-21
       4610.0000   6.2378656e-21
       4620.0000   6.4753621e-21
       4630.0000   6.7206589e-21
       4640.0000   6.9739679e-21
       4650.0000   7.2355051e-21
       4660.0000   7.5054913e-21
       4670.0000   7.7841514e-21
       4680.0000   8.0717153e-21
       4690.0000   8.3684171e-21
       4700.0000   8.6744956e-21
       4710.0000   8.9901947e-21
       4720.0000   9.3157625e-21
       4730.0000   9.6514523e-21
       4740.0000   9.9975221e-21
       4750.0000   1.0354235e-20
       4760.0000   1.0721859e-20
       4770.0000   1.1100666e-20
       4780.0000   1.1490936e-20
       4790.0000   1.1892950e-20
       4800.0000   1.2306999e-20
       4810.0000   1.2733374e-20
       4820.0000   1.3172375e-20
       4830.0000   1.3624306e-20
       4840.0000   1.4089477e-20
       4850.0000   1.4568203e-20
       4860.0000   1.5060805e-20
       4870.0000   1.5567608e-20
       4880.0000   1.6088943e-20
       4890.0000   1.6625150e-20
       4900.0000   1.7176570e-20
       4910.0000   1.7743551e-20
       4920.0000   1.8326450e-20
       4930.0000   1.8925625e-20
       4940.0000   1.9541444e-20
       4950.0000   2.0174277e-20
       4960.0000   2.0824504e-20
       4970.0000   2.1492509e-20
       4980.0000   2.2178681e-20
       4990.0000   2.2883416e-20
       5000.0000   2.3607118e-20
       5010.0000   2.4350194e-20
       5020.0000   2.5113060e-20
       5030.0000   2.5896136e-20
       5040.0000   2.6699849e-20
       5050.0000   2.7524634e-20
       5060.0000   2.8370931e-20
       5070.0000   2.9239185e-20
       5080.0000   3.0129850e-20
       5090.0000   3.1043385e-20
       5100.0000   3.1980256e-20
       5110.0000   3.2940936e-20
       5120.0000   3.3925904e-20
       5130.0000   3.4935644e-20
       5140.0000   3.5970651e-20
       5150.0000   3.7031422e-20
       5160.0000   3.8118463e-20
       5170.0000   3.9232288e-20
       5180.0000   4.0373414e-20
       5190.0000   4.1542370e-20
       5200.0000   4.2739686e-20
       5210.0000   4.3965904e-20
       5220.0000   4.5221570e-20
       5230.0000   4.6507237e-20
       5240.0000   4.7823467e-20
       5250.0000   4.9170826e-20
       5260.0000   5.0549888e-20
       5270.0000   5.1961237e-20
       5280.0000   5.3405460e-20
       5290.0000   5.4883152e-20
       5300.0000   5.6394916e-20
       5310.0000   5.7941363e-20
       5320.0000   5.9523108e-20
       5330.0000   6.1140776e-20
       5340.0000   6.2794997e-20
       5350.0000   1.6807540e-18
       5360.0000   3.0601376e-18
       5370.0000   5.3736924e-18
       5380.0000   7.0905624e-18
       5390.0000   5.9032377e-19
       5400.0000  -2.8239893e-18
       5410.0000  -1.8021437e-18
       5420.0000   7.2455754e-19
       5430.0000   2.1316813e-18
       5440.0000  -1.4497922e-18
       5450.0000   3.5499114e-18
       5460.0000   1.6519397e-18
       5470.0000  -5.5705183e-18
       5480.0000  -1.0889337e-17
       5490.0000  -5.9640512e-18
       5500.0000  -1.9329253e-18
       5510.0000  -7.9809499e-18
       5520.0000  -1.2475737e-17
       5530.0000  -1.1623562e-17
       5540.0000  -9.5949947e-18
       5550.0000   1.4324604e-18
       5560.0000   3.6920655e-18
       5570.0000   3.6173514e-18
       5580.0000   1.2424395e-18
       5590.0000   2.5078402e-18
       5600.0000   2.7961771e-19
       5610.0000  -3.1823319e-18
       5620.0000  -2.0321127e-18
       5630.0000   4.3812651e-19
       5640.0000   1.7031245e-18
       5650.0000  -4.7263366e-18
       5660.0000  -4.3868529e-19
       5670.0000   7.5060345e-18
       5680.0000   1.9238562e-18
       5690.0000  -3.2125542e-18
       5700.0000   4.3105509e-18
       5710.0000   4.0942397e-18
       5720.0000  -7.6151331e-18
       5730.0000  -8.8951313e-18
       5740.0000  -6.7813947e-18
       5750.0000  -3.5033649e-18
       5760.0000  -2.1166231e-18
       5770.0000  -7.3282656e-19
       5780.0000   3.0229109e-19
       5790.0000   3.4976798e-19
       5800.0000  -6.1140759e-18
       5810.0000  -1.0371562e-17
       5820.0000  -4.8425439e-18
       5830.0000  -3.5122254e-18
       5840.0000  -1.4554816e-18
       5850.0000   2.1766935e-18
       5860.0000  -4.7096185e-18
       5870.0000  -9.1867083e-18
       5880.0000   1.0053795e-18
       5890.0000   5.9131189e-18
       5900.0000   1.5653554e-18
       5910.0000  -7.4909828e-18
       5920.0000  -6.8686653e-18
       5930.0000   7.8786656e-19
       5940.0000   1.3421396e-18
       5950.0000  -2.7941018e-18
       5960.0000  -1.8176549e-18
       5970.0000  -1.9266938e-18
       5980.0000  -4.0567439e-18
       5990.0000  -1.6059212e-18
       6000.0000   2.8402701e-19
       6010.0000  -4.7002663e-18
       6020.0000  -1.1625563e-18
       6030.0000   5.4513806e-19
       6040.0000   3.6930416e-19
       6050.0000  -2.1210867e-19
       6060.0000  -3.7986605e-18
       6070.0000  -5.5399448e-18
       6080.0000  -6.3402497e-18
       6090.0000  -9.1366951e-18
       6100.0000  -5.9252992e-18
       6110.0000  -4.0547535e-18
       6120.0000  -3.7899962e-18
       6130.0000  -3.4375068e-18
       6140.0000  -3.3120644e-20
       6150.0000   7.2363735e-19
       6160.0000  -1.1027679e-18
       6170.0000  -1.3526448e-18
       6180.0000   1.7974840e-19
       6190.0000   1.2232327e-18
       6200.0000  -2.7811736e-18
       6210.0000  -5.6612662e-18
       6220.0000  -4.2174230e-18
       6230.0000  -7.3350772e-20
       6240.0000   4.4736065e-18
       6250.0000   4.7405551e-18
       6260.0000   2.4787098e-18
       6270.0000   2.7204275e-18
       6280.0000   2.5533899e-18
       6290.0000   8.3908281e-18
       6300.0000   7.9458267e-18
       6310.0000   4.7491487e-18
       6320.0000   1.9520285e-18
       6330.0000   6.4757328e-18
       6340.0000   4.1398244e-18
       6350.0000   6.3602244e-18
       6360.0000   9.6165833e-18
       6370.0000   9.3960776e-18
       6380.0000   5.7340686e-18
       6390.0000   5.0396228e-18
       6400.0000   7.8303631e-18
       6410.0000   7.8204475e-18
       6420.0000   6.7748059e-18
       6430.0000   5.0498269e-18
       6440.0000   5.6385009e-18
       6450.0000   8.9464464e-18
       6460.0000   9.3910087e-18
       6470.0000   1.1271317e-17
       6480.0000   1.1935544e-17
       6490.0000   1.0141979e-17
       6500.0000   8.8814469e-18
       6510.0000   1.2617067e-17
       6520.0000   1.1992349e-17
       6530.0000   1.3605596e-17
       6540.0000   1.3752942e-17
       6550.0000   1.5650125e-17
       6560.0000   1.7775867e-17
       6570.0000   1.8139248e-17
       6580.0000   1.6913595e-17
       6590.0000   1.8199532e-17
       6600.0000   1.9366028e-17
       6610.0000   1.9233876e-17
       6620.0000   2.1383817e-17
       6630.0000   2.2323231e-17
       6640.0000   2.1031173e-17
       6650.0000   1.9476060e-17
       6660.0000   2.2414436e-17
       6670.0000   2.2903591e-17
       6680.0000   2.4266494e-17
       6690.0000   2.6540317e-17
       6700.0000   2.6268766e-17
       6710.0000   2.8319146e-17
       6720.0000   3.0047543e-17
       6730.0000   3.1311328e-17
       6740.0000   3.2071615e-17
       6750.0000   3.1275441e-17
       6760.0000   2.9460400e-17
       6770.0000   2.6343540e-17
       6780.0000   2.8894969e-17
       6790.0000   3.0974089e-17
       6800.0000   3.1423904e-17
       6810.0000   2.8872636e-17
       6820.0000   3.0498609e-17
       6830.0000   3.2136436e-17
       6840.0000   3.2632475e-17
       6850.0000   3.1696042e-17
       6860.0000   2.8639308e-17
       6870.0000   2.7308952e-17
       6880.0000   2.4826585e-17
       6890.0000   2.5264866e-17
       6900.0000   2.4260506e-17
       6910.0000   2.4665309e-17
       6920.0000   2.5375779e-17
       6930.0000   2.5488117e-17
       6940.0000   2.5208710e-17
       6950.0000   2.5120534e-17
       6960.0000   2.4326026e-17
       6970.0000   2.6433002e-17
       6980.0000   2.7743622e-17
       6990.0000   2.8742465e-17
       7000.0000   2.9369359e-17
       7010.0000   2.8933322e-17
       7020.0000   2.8202232e-17
       7030.0000   2.7245425e-17
       7040.0000   2.8736099e-17
       7050.0000   3.0886985e-17
       7060.0000   3.1944210e-17
       7070.0000   3.4076963e-17
       7080.0000   3.7075533e-17
       7090.0000   3.8887720e-17
       7100.0000   3.7422764e-17
       7110.0000   3.7238613e-17
       7120.0000   3.8125188e-17
       7130.0000   3.8648135e-17
       7140.0000   3.7233715e-17
       7150.0000   3.6581137e-17
       7160.0000   3.5678140e-17
       7170.0000   3.6881161e-17
       7180.0000   3.6981387e-17
       7190.0000   3.6617881e-17
       7200.0000   3.8895293e-17
       7210.0000   3.9292947e-17
       7220.0000   3.9590904e-17
       7230.0000   3.7583206e-17
       7240.0000   3.7180609e-17
       7250.0000   3.9064822e-17
       7260.0000   3.8305937e-17
       7270.0000   3.7989887e-17
       7280.0000   3.5574588e-17
       7290.0000   3.4451650e-17
       7300.0000   3.3629738e-17
       7310.0000   3.6723090e-17
       7320.0000   3.6973722e-17
       7330.0000   3.5400355e-17
       7340.0000   3.2135244e-17
       7350.0000   3.0265695e-17
       7360.0000   2.7228053e-17
       7370.0000   2.9348612e-17
       7380.0000   2.9527971e-17
       7390.0000   2.9107617e-17
       7400.0000   2.6436587e-17
       7410.0000   2.5906370e-17
       7420.0000   2.5977762e-17
       7430.0000   2.8235697e-17
       7440.0000   2.5795113e-17
       7450.0000   2.3664314e-17
       7460.0000   1.9414660e-17
       7470.0000   1.8971032e-17
       7480.0000   1.9492564e-17
       7490.0000   2.0102049e-17
       7500.0000   1.9221107e-17
       7510.0000   1.6965526e-17
       7520.0000   1.5674857e-17
       7530.0000   1.4612171e-17
       7540.0000   1.3533078e-17
       7550.0000   1.2973084e-17
       7560.0000   1.2173668e-17
       7570.0000   9.8133445e-18
       7580.0000   7.2279419e-18
       7590.0000   4.7258132e-18
       7600.0000   2.9452382e-18
       7610.0000   5.9596175e-19
       7620.0000   7.7788328e-19
       7630.0000  -4.2619748e-20
       7640.0000   1.7003566e-18
       7650.0000   1.9995027e-18
       7660.0000   1.0146593e-18
       7670.0000  -1.4481000e-18
       7680.0000  -3.3085146e-18
       7690.0000  -2.7773969e-18
       7700.0000   2.4819496e-19
       7710.0000   1.1753962e-18
       7720.0000   2.1693795e-18
       7730.0000   2.8619665e-19
       7740.0000   4.2287257e-18
       7750.0000   7.4539738e-18
       7760.0000   1.0557804e-17
       7770.0000   1.3039403e-17
       7780.0000   1.4917744e-17
       7790.0000   1.3206579e-17
       7800.0000   1.2002537e-17
       7810.0000   1.0499174e-17
       7820.0000   1.5165532e-17
       7830.0000   2.0263923e-17
       7840.0000   2.8375385e-17
       7850.0000   3.3723889e-17
       7860.0000   3.9022136e-17
       7870.0000   4.1211031e-17
       7880.0000   4.2643917e-17
       7890.0000   4.2444252e-17
       7900.0000   4.4976280e-17
       7910.0000   4.9121452e-17
       7920.0000   5.0200389e-17
       7930.0000   4.8845181e-17
       7940.0000   4.2831938e-17
       7950.0000   4.7130950e-17
       7960.0000   4.9871525e-17
       7970.0000   6.0225889e-17
       7980.0000   6.4573696e-17
       7990.0000   6.9221536e-17
       8000.0000   7.0371891e-17
       8010.0000   6.9603283e-17
       8020.0000   7.0626528e-17
       8030.0000   7.5318607e-17
       8040.0000   7.9527812e-17
       8050.0000   8.3849326e-17
       8060.0000   8.6628850e-17
       8070.0000   8.7727457e-17
       8080.0000   8.9575121e-17
       8090.0000   9.3082588e-17
       8100.0000   9.7458263e-17
       8110.0000   1.0230142e-16
       8120.0000   1.0471942e-16
       8130.0000   1.0722147e-16
       8140.0000   1.1119821e-16
       8150.0000   1.1328782e-16
       8160.0000   1.1635341e-16
       8170.0000   1.1417149e-16
       8180.0000   1.1295630e-16
       8190.0000   1.1152138e-16
       8200.0000   1.1949278e-16
       8210.0000   1.2839529e-16
       8220.0000   1.3732695e-16
       8230.0000   1.3992992e-16
       8240.0000   1.4430429e-16
       8250.0000   1.4841461e-16
       8260.0000   1.5079649e-16
       8270.0000   1.5461845e-16
       8280.0000   1.5999836e-16
       8290.0000   1.6653729e-16
       8300.0000   1.6890185e-16
       8310.0000   1.7030686e-16
       8320.0000   1.7505164e-16
       8330.0000   1.7989873e-16
       8340.0000   1.8422534e-16
       8350.0000   1.8736665e-16
       8360.0000   1.8996560e-16
       8370.0000   1.9500100e-16
       8380.0000   1.9907629e-16
       8390.0000   2.0518467e-16
       8400.0000   2.0715364e-16
       8410.0000   2.1675208e-16
       8420.0000   2.2090590e-16
       8430.0000   2.2425539e-16
       8440.0000   2.2361605e-16
       8450.0000   2.2056099e-16
       8460.0000   2.2035459e-16
       8470.0000   2.2346854e-16
       8480.0000   2.2497319e-16
       8490.0000   2.3212270e-16
       8500.0000   2.3345263e-16
       8510.0000   2.0791707e-16
       8520.0000   2.0743996e-16
       8530.0000   2.1177900e-16
       8540.0000   2.4653235e-16
       8550.0000   2.5839384e-16
       8560.0000   2.6549641e-16
       8570.0000   2.7056789e-16
       8580.0000   2.7495362e-16
       8590.0000   2.8149915e-16
       8600.0000   2.5996070e-16
       8610.0000   2.2721694e-16
       8620.0000   1.8204017e-16
       8630.0000   1.6105423e-16
       8640.0000   1.7308997e-16
       8650.0000   1.9559301e-16
       8660.0000   2.1567958e-16
       8670.0000   2.2503283e-16
       8680.0000   2.2250821e-16
       8690.0000   2.1156276e-16
       8700.0000   1.9304682e-16
       8710.0000   1.8387785e-16
       8720.0000   1.8850817e-16
       8730.0000   1.9859321e-16
       8740.0000   2.0880984e-16
       8750.0000   2.1297202e-16
       8760.0000   2.2710178e-16
       8770.0000   2.3240790e-16
       8780.0000   2.3713511e-16
       8790.0000   2.3691480e-16
       8800.0000   2.4513129e-16
       8810.0000   2.5315425e-16
       8820.0000   2.6825106e-16
       8830.0000   2.7708758e-16
       8840.0000   2.7703340e-16
       8850.0000   2.8339598e-16
       8860.0000   2.7786946e-16
       8870.0000   2.9369282e-16
       8880.0000   2.9373381e-16
       8890.0000   3.0337337e-16
       8900.0000   3.2134610e-16
       8910.0000   2.5966373e-16
       8920.0000   2.5684562e-16
       8930.0000   2.5402750e-16
       8940.0000   2.5168054e-16
       8950.0000   2.5793119e-16
       8960.0000   2.6418183e-16
       8970.0000   2.7043248e-16
       8980.0000   2.7381431e-16
       8990.0000   2.7579571e-16
       9000.0000   2.7777711e-16
       9010.0000   2.7913720e-16
       9020.0000   2.7885125e-16
       9030.0000   2.7856530e-16
       9040.0000   2.7827934e-16
       9050.0000   2.9243436e-16
       9060.0000   3.0897922e-16
       9070.0000   3.2552408e-16
       9080.0000   3.3527981e-16
       9090.0000   3.3577649e-16
       9100.0000   3.3627318e-16
       9110.0000   3.3676986e-16
       9120.0000   3.4336505e-16
       9130.0000   3.5014874e-16
       9140.0000   3.5693242e-16
       9150.0000   3.6145640e-16
       9160.0000   3.6372068e-16
       9170.0000   3.6598496e-16
       9180.0000   3.6828859e-16
       9190.0000   3.7414972e-16
       9200.0000   3.8001086e-16
       9210.0000   3.8587200e-16
       9220.0000   3.8894979e-16
       9230.0000   3.8929914e-16
       9240.0000   3.8964849e-16
       9250.0000   3.8999783e-16
       9260.0000   3.9174235e-16
       9270.0000   3.9351240e-16
       9280.0000   3.9528244e-16
       9290.0000   3.9534951e-16
       9300.0000   3.9325807e-16
       9310.0000   3.9116663e-16
       9320.0000   3.8907519e-16
       9330.0000   4.0493564e-16
       9340.0000   4.2317459e-16
       9350.0000   4.4141354e-16
       9360.0000   4.5370714e-16
       9370.0000   4.5264350e-16
       9380.0000   4.5157986e-16
       9390.0000   4.5051621e-16
       9400.0000   4.5465079e-16
       9410.0000   4.6084706e-16
       9420.0000   4.6704334e-16
       9430.0000   4.7285179e-16
       9440.0000   4.7542136e-16
       9450.0000   4.7799093e-16
       9460.0000   4.8056050e-16
       9470.0000   4.8530394e-16
       9480.0000   4.9238333e-16
       9490.0000   4.9946272e-16
       9500.0000   5.0654211e-16
       9510.0000   5.0589047e-16
       9520.0000   5.0376562e-16
       9530.0000   5.0164076e-16
       9540.0000   4.9962164e-16
       9550.0000   4.9807799e-16
       9560.0000   4.9653433e-16
       9570.0000   4.9499068e-16
       9580.0000   4.9036431e-16
       9590.0000   4.8275242e-16
       9600.0000   4.7514053e-16
       9610.0000   4.6752864e-16
       9620.0000   4.6736338e-16
       9630.0000   4.6885529e-16
       9640.0000   4.7034721e-16
       9650.0000   4.7305540e-16
       9660.0000   4.8531198e-16
       9670.0000   4.9756855e-16
       9680.0000   5.0982513e-16
       9690.0000   5.2083520e-16
       9700.0000   5.2991184e-16
       9710.0000   5.3898849e-16
       9720.0000   5.4806513e-16
       9730.0000   5.5040658e-16
       9740.0000   5.4920019e-16
       9750.0000   5.4799379e-16
       9760.0000   5.4678739e-16
       9770.0000   5.4940261e-16
       9780.0000   5.5242365e-16
       9790.0000   5.5544469e-16
       9800.0000   5.5853377e-16
       9810.0000   5.6205137e-16
       9820.0000   5.6556897e-16
       9830.0000   5.6908658e-16
       9840.0000   5.6640029e-16
       9850.0000   5.5248913e-16
       9860.0000   5.3857796e-16
       9870.0000   5.2466680e-16
       9880.0000   5.1154524e-16
       9890.0000   4.9904393e-16
       9900.0000   4.8654262e-16
       9910.0000   4.7404131e-16
       9920.0000   4.6966930e-16
       9930.0000   4.6802119e-16
       9940.0000   4.6637307e-16
       9950.0000   4.6472496e-16
       9960.0000   4.6204477e-16
       9970.0000   4.5928089e-16
       9980.0000   4.5651702e-16
       9990.0000   4.5407008e-16
       10000.000   4.5499004e-16
       10010.000   4.5591000e-16
       10020.000   4.5682996e-16
       10030.000   4.5980495e-16
       10040.000   4.6965679e-16
       10050.000   4.7950863e-16
       10060.000   4.8936047e-16
       10070.000   4.9684807e-16
       10080.000   5.0031042e-16
       10090.000   5.0377277e-16
       10100.000   5.0723511e-16
       10110.000   5.1022134e-16
       10120.000   5.1271209e-16
       10130.000   5.1520283e-16
       10140.000   5.1769358e-16
       10150.000   5.1910424e-16
       10160.000   5.1976416e-16
       10170.000   5.2042407e-16
       10180.000   5.2108399e-16
       10190.000   5.2422818e-16
       10200.000   5.2848830e-16
       10210.000   5.3274841e-16
       10220.000   5.3700853e-16
       10230.000   5.3963489e-16
       10240.000   5.4177331e-16
       10250.000   5.4391172e-16
       10260.000   5.4605013e-16
       10270.000   5.4746580e-16
       10280.000   5.4874384e-16
       10290.000   5.5002189e-16
       10300.000   5.5129993e-16
       10310.000   5.6459474e-16
       10320.000   5.7937418e-16
       10330.000   5.9415362e-16
       10340.000   6.0893306e-16
       10350.000   6.1792643e-16
       10360.000   6.2655073e-16
       10370.000   6.3517504e-16
       10380.000   6.4379934e-16
       10390.000   6.4032623e-16
       10400.000   6.3647923e-16
       10410.000   6.3263222e-16
       10420.000   6.2878521e-16
       10430.000   6.3331889e-16
       10440.000   6.3793689e-16
       10450.000   6.4255490e-16
       10460.000   6.4717290e-16
       10470.000   6.5431989e-16
       10480.000   6.6146688e-16
       10490.000   6.6861387e-16
       10500.000   6.7576086e-16
       10510.000   6.7541543e-16
       10520.000   6.7499461e-16
       10530.000   6.7457380e-16
       10540.000   6.7415298e-16
       10550.000   6.7694739e-16
       10560.000   6.7980747e-16
       10570.000   6.8266756e-16
       10580.000   6.8552764e-16
       10590.000   6.9093702e-16
       10600.000   6.9648056e-16
       10610.000   7.0202411e-16
       10620.000   7.0756765e-16
       10630.000   7.0036332e-16
       10640.000   6.9205077e-16
       10650.000   6.8373822e-16
       10660.000   6.7542567e-16
       10670.000   6.8428100e-16
       10680.000   6.9570343e-16
       10690.000   7.0712585e-16
       10700.000   7.1854827e-16
       10710.000   7.2272295e-16
       10720.000   7.2519819e-16
       10730.000   7.2767343e-16
       10740.000   7.3014866e-16
       10750.000   7.3558952e-16
       10760.000   7.4201892e-16
       10770.000   7.4844832e-16
       10780.000   7.5487772e-16
       10790.000   7.5584167e-16
       10800.000   7.5411274e-16
       10810.000   7.5238380e-16
       10820.000   7.5065487e-16
       10830.000   7.5653727e-16
       10840.000   7.6793177e-16
       10850.000   7.7932627e-16
       10860.000   7.9072078e-16
       10870.000   7.9701891e-16
       10880.000   7.9801348e-16
       10890.000   7.9900806e-16
       10900.000   8.0000264e-16
       10910.000   7.9775010e-16
       10920.000   7.9019920e-16
       10930.000   7.8264830e-16
       10940.000   7.7509740e-16
       10950.000   7.6837419e-16
       10960.000   7.6388858e-16
       10970.000   7.5940297e-16
       10980.000   7.5491736e-16
       10990.000   7.5198634e-16
       11000.000   7.5860962e-16
       11010.000   7.6523289e-16
       11020.000   7.7185617e-16
       11030.000   7.7832712e-16
       11040.000   7.6965849e-16
       11050.000   7.6098986e-16
       11060.000   7.5232123e-16
       11070.000   7.4365260e-16
       11080.000   7.4070712e-16
       11090.000   7.3861741e-16
       11100.000   7.3652771e-16
       11110.000   7.3443801e-16
       11120.000   7.3165029e-16
       11130.000   7.2859116e-16
       11140.000   7.2553203e-16
       11150.000   7.2247290e-16
       11160.000   7.2497658e-16
       11170.000   7.3185174e-16
       11180.000   7.3872690e-16
       11190.000   7.4560205e-16
       11200.000   7.5080880e-16
       11210.000   7.5351190e-16
       11220.000   7.5621501e-16
       11230.000   7.5891812e-16
       11240.000   7.6001759e-16
       11250.000   7.5543209e-16
       11260.000   7.5084660e-16
       11270.000   7.4626110e-16
       11280.000   7.4182339e-16
       11290.000   7.4092890e-16
       11300.000   7.4003441e-16
       11310.000   7.3913992e-16
       11320.000   7.3824543e-16
       11330.000   7.3877989e-16
       11340.000   7.3954706e-16
       11350.000   7.4031422e-16
       11360.000   7.4108138e-16
       11370.000   7.3898332e-16
       11380.000   7.3540898e-16
       11390.000   7.3183463e-16
       11400.000   7.2826029e-16
       11410.000   7.2888456e-16
       11420.000   7.3443840e-16
       11430.000   7.3999224e-16
       11440.000   7.4554609e-16
       11450.000   7.5158009e-16
       11460.000   7.5905458e-16
       11470.000   7.6652906e-16
       11480.000   7.7400355e-16
       11490.000   7.8141815e-16
       11500.000   7.8739706e-16
       11510.000   7.9337597e-16
       11520.000   7.9935487e-16
       11530.000   8.0533378e-16
       11540.000   8.1125518e-16
       11550.000   8.1716395e-16
       11560.000   8.2307272e-16
       11570.000   8.2898150e-16
       11580.000   8.2078375e-16
       11590.000   8.0278078e-16
       11600.000   7.8477782e-16
       11610.000   7.6677486e-16
       11620.000   7.5445092e-16
       11630.000   7.5222474e-16
       11640.000   7.4999856e-16
       11650.000   7.4777238e-16
       11660.000   7.4531078e-16
       11670.000   7.4112306e-16
       11680.000   7.3693535e-16
       11690.000   7.3274763e-16
       11700.000   7.2855992e-16
       11710.000   7.2469772e-16
       11720.000   7.2087993e-16
       11730.000   7.1706214e-16
       11740.000   7.1324434e-16
       11750.000   7.1536181e-16
       11760.000   7.2096536e-16
       11770.000   7.2656890e-16
       11780.000   7.3217245e-16
       11790.000   7.4019567e-16
       11800.000   7.5233852e-16
       11810.000   7.6448138e-16
       11820.000   7.7662423e-16
       11830.000   7.8756482e-16
       11840.000   7.8968224e-16
       11850.000   7.9179966e-16
       11860.000   7.9391708e-16
       11870.000   7.9603450e-16
       11880.000   7.9578601e-16
       11890.000   7.9512000e-16
       11900.000   7.9445399e-16
       11910.000   7.9378798e-16
       11920.000   7.9218507e-16
       11930.000   7.8990394e-16
       11940.000   7.8762282e-16
       11950.000   7.8534169e-16
       11960.000   7.8326748e-16
       11970.000   7.8165394e-16
       11980.000   7.8004040e-16
       11990.000   7.7842685e-16
