       3000.0000   6.5382889e-26
       3010.0000   7.2445404e-26
       3020.0000   8.0211876e-26
       3030.0000   8.8746420e-26
       3040.0000   9.8118419e-26
       3050.0000   1.0840291e-25
       3060.0000   1.1968097e-25
       3070.0000   1.3204018e-25
       3080.0000   1.4557508e-25
       3090.0000   1.6038761e-25
       3100.0000   1.7658769e-25
       3110.0000   1.9429373e-25
       3120.0000   2.1363319e-25
       3130.0000   2.3474325e-25
       3140.0000   2.5777141e-25
       3150.0000   2.8287618e-25
       3160.0000   3.1022783e-25
       3170.0000   3.4000910e-25
       3180.0000   3.7241607e-25
       3190.0000   4.0765896e-25
       3200.0000   4.4596305e-25
       3210.0000   4.8756959e-25
       3220.0000   5.3273685e-25
       3230.0000   5.8174109e-25
       3240.0000   6.3487772e-25
       3250.0000   6.9246242e-25
       3260.0000   7.5483235e-25
       3270.0000   8.2234747e-25
       3280.0000   8.9539179e-25
       3290.0000   9.7437484e-25
       3300.0000   1.0597331e-24
       3310.0000   1.1519317e-24
       3320.0000   1.2514656e-24
       3330.0000   1.3588618e-24
       3340.0000   1.4746809e-24
       3350.0000   1.5995187e-24
       3360.0000   1.7340085e-24
       3370.0000   1.8788230e-24
       3380.0000   2.0346764e-24
       3390.0000   2.2023263e-24
       3400.0000   2.3825766e-24
       3410.0000   2.5762795e-24
       3420.0000   2.7843379e-24
       3430.0000   3.0077084e-24
       3440.0000   3.2474036e-24
       3450.0000   3.5044951e-24
       3460.0000   3.7801165e-24
       3470.0000   4.0754664e-24
       3480.0000   4.3918116e-24
       3490.0000   4.7304903e-24
       3500.0000   5.0929155e-24
       3510.0000   5.4805789e-24
       3520.0000   5.8950541e-24
       3530.0000   6.3380010e-24
       3540.0000   6.8111691e-24
       3550.0000   7.3164023e-24
       3560.0000   7.8556428e-24
       3570.0000   8.4309355e-24
       3580.0000   9.0444330e-24
       3590.0000   9.6983998e-24
       3600.0000   1.0395217e-23
       3610.0000   1.1137390e-23
       3620.0000   1.1927548e-23
       3630.0000   1.2768456e-23
       3640.0000   1.3663017e-23
       3650.0000   1.4614278e-23
       3660.0000   1.5625435e-23
       3670.0000   1.6699842e-23
       3680.0000   1.7841015e-23
       3690.0000   1.9052641e-23
       3700.0000   2.0338582e-23
       3710.0000   2.1702882e-23
       3720.0000   2.3149777e-23
       3730.0000   2.4683702e-23
       3740.0000   2.6309294e-23
       3750.0000   2.8031406e-23
       3760.0000   2.9855112e-23
       3770.0000   3.1785716e-23
       3780.0000   3.3828758e-23
       3790.0000   3.5990029e-23
       3800.0000   3.8275573e-23
       3810.0000   4.0691701e-23
       3820.0000   4.3244998e-23
       3830.0000   4.5942335e-23
       3840.0000   4.8790876e-23
       3850.0000   5.1798092e-23
       3860.0000   5.4971769e-23
       3870.0000   5.8320020e-23
       3880.0000   6.1851294e-23
       3890.0000   6.5574390e-23
       3900.0000   6.9498469e-23
       3910.0000   7.3633063e-23
       3920.0000   7.7988089e-23
       3930.0000   8.2573861e-23
       3940.0000   8.7401105e-23
       3950.0000   9.2480968e-23
       3960.0000   9.7825036e-23
       3970.0000   1.0344534e-22
       3980.0000   1.0935439e-22
       3990.0000   1.1556515e-22
       4000.0000   1.2209109e-22
       4010.0000   1.2894620e-22
       4020.0000   1.3614498e-22
       4030.0000   1.4370246e-22
       4040.0000   1.5163425e-22
       4050.0000   1.5995651e-22
       4060.0000   1.6868598e-22
       4070.0000   1.7784004e-22
       4080.0000   1.8743664e-22
       4090.0000   1.9749442e-22
       4100.0000   2.0803265e-22
       4110.0000   2.1907126e-22
       4120.0000   2.3063089e-22
       4130.0000   2.4273291e-22
       4140.0000   2.5539938e-22
       4150.0000   2.6865313e-22
       4160.0000   2.8251777e-22
       4170.0000   2.9701767e-22
       4180.0000   3.1217805e-22
       4190.0000   3.2802491e-22
       4200.0000   3.4458515e-22
       4210.0000   3.6188651e-22
       4220.0000   3.7995763e-22
       4230.0000   3.9882808e-22
       4240.0000   4.1852834e-22
       4250.0000   4.3908989e-22
       4260.0000   4.6054516e-22
       4270.0000   4.8292759e-22
       4280.0000   5.0627168e-22
       4290.0000   5.3061294e-22
       4300.0000   5.5598800e-22
       4310.0000   5.8243456e-22
       4320.0000   6.0999147e-22
       4330.0000   6.3869872e-22
       4340.0000   6.6859748e-22
       4350.0000   6.9973013e-22
       4360.0000   7.3214026e-22
       4370.0000   7.6587275e-22
       4380.0000   8.0097374e-22
       4390.0000   8.3749067e-22
       4400.0000   8.7547233e-22
       4410.0000   9.1496889e-22
       4420.0000   9.5603188e-22
       4430.0000   9.9871427e-22
       4440.0000   1.0430705e-21
       4450.0000   1.0891564e-21
       4460.0000   1.1370294e-21
       4470.0000   1.1867484e-21
       4480.0000   1.2383739e-21
       4490.0000   1.2919680e-21
       4500.0000   1.3475944e-21
       4510.0000   1.4053185e-21
       4520.0000   1.4652074e-21
       4530.0000   1.5273296e-21
       4540.0000   1.5917559e-21
       4550.0000   1.6585584e-21
       4560.0000   1.7278112e-21
       4570.0000   1.7995903e-21
       4580.0000   1.8739735e-21
       4590.0000   1.9510404e-21
       4600.0000   2.0308726e-21
       4610.0000   2.1135538e-21
       4620.0000   2.1991696e-21
       4630.0000   2.2878076e-21
       4640.0000   2.3795574e-21
       4650.0000   2.4745109e-21
       4660.0000   2.5727619e-21
       4670.0000   2.6744065e-21
       4680.0000   2.7795430e-21
       4690.0000   2.8882718e-21
       4700.0000   3.0006958e-21
       4710.0000   3.1169200e-21
       4720.0000   3.2370517e-21
       4730.0000   3.3612006e-21
       4740.0000   3.4894790e-21
       4750.0000   3.6220014e-21
       4760.0000   3.7588848e-21
       4770.0000   3.9002488e-21
       4780.0000   4.0462153e-21
       4790.0000   4.1969091e-21
       4800.0000   4.3524573e-21
       4810.0000   4.5129898e-21
       4820.0000   4.6786392e-21
       4830.0000   4.8495407e-21
       4840.0000   5.0258322e-21
       4850.0000   5.2076544e-21
       4860.0000   5.3951510e-21
       4870.0000   5.5884683e-21
       4880.0000   5.7877556e-21
       4890.0000   5.9931650e-21
       4900.0000   6.2048517e-21
       4910.0000   6.4229737e-21
       4920.0000   6.6476921e-21
       4930.0000   6.8791711e-21
       4940.0000   7.1175779e-21
       4950.0000   7.3630827e-21
       4960.0000   7.6158591e-21
       4970.0000   7.8760837e-21
       4980.0000   8.1439364e-21
       4990.0000   8.4196003e-21
       5000.0000   8.7032617e-21
       5010.0000   8.9951103e-21
       5020.0000   9.2953391e-21
       5030.0000   9.6041447e-21
       5040.0000   9.9217266e-21
       5050.0000   1.0248288e-20
       5060.0000   1.0584036e-20
       5070.0000   1.0929181e-20
       5080.0000   1.1283936e-20
       5090.0000   1.1648519e-20
       5100.0000   1.2023151e-20
       5110.0000   1.2408055e-20
       5120.0000   1.2803461e-20
       5130.0000   1.3209601e-20
       5140.0000   1.3626709e-20
       5150.0000   1.4055025e-20
       5160.0000   1.4494793e-20
       5170.0000   1.4946258e-20
       5180.0000   1.5409673e-20
       5190.0000   1.5885292e-20
       5200.0000   1.6373372e-20
       5210.0000   1.6874177e-20
       5220.0000   1.7387973e-20
       5230.0000   1.7915031e-20
       5240.0000   1.8455623e-20
       5250.0000   1.9010030e-20
       5260.0000   1.9578534e-20
       5270.0000   2.0161420e-20
       5280.0000   2.0758979e-20
       5290.0000   2.1371507e-20
       5300.0000   2.1999302e-20
       5310.0000   2.2642667e-20
       5320.0000   2.3301909e-20
       5330.0000   2.3977340e-20
       5340.0000   2.4669275e-20
       5350.0000   2.2772742e-18
       5360.0000   2.1570957e-18
       5370.0000   4.0715253e-18
       5380.0000   4.4978786e-18
       5390.0000   5.5164246e-18
       5400.0000   7.0152642e-18
       5410.0000   4.5761143e-18
       5420.0000   9.5661270e-18
       5430.0000   6.7922925e-18
       5440.0000   3.4919133e-18
       5450.0000   6.3390031e-18
       5460.0000   6.3607705e-18
       5470.0000   4.6738908e-18
       5480.0000   2.1077300e-18
       5490.0000   3.2311860e-18
       5500.0000   3.9662584e-18
       5510.0000   5.7354101e-18
       5520.0000   6.4961986e-18
       5530.0000   3.9071610e-18
       5540.0000   3.3656010e-18
       5550.0000   5.9328167e-18
       5560.0000   7.2825978e-18
       5570.0000   2.1084759e-17
       5580.0000   2.2546192e-17
       5590.0000   9.1437485e-18
       5600.0000   2.5417055e-18
       5610.0000   5.9872904e-18
       5620.0000   1.0188077e-17
       5630.0000   8.3137978e-18
       5640.0000   5.6830074e-18
       5650.0000   5.7733684e-18
       5660.0000   6.2888384e-18
       5670.0000   7.5039435e-18
       5680.0000   7.4246222e-18
       5690.0000   6.3873411e-18
       5700.0000   4.6199769e-18
       5710.0000   4.5128882e-18
       5720.0000   6.0433282e-18
       5730.0000   5.9602187e-18
       5740.0000   5.3013730e-18
       5750.0000   4.9044489e-18
       5760.0000   6.3916945e-18
       5770.0000   9.0562242e-18
       5780.0000   6.0355074e-18
       5790.0000   7.4947497e-19
       5800.0000   4.8516659e-18
       5810.0000   6.3522215e-18
       5820.0000   5.6455066e-18
       5830.0000   8.1087318e-18
       5840.0000   9.0771957e-18
       5850.0000   1.0019959e-17
       5860.0000   7.1352605e-18
       5870.0000   3.4887604e-18
       5880.0000   2.3410288e-18
       5890.0000   2.3194927e-18
       5900.0000   6.0916685e-19
       5910.0000   2.9176522e-18
       5920.0000   5.9183021e-18
       5930.0000   4.4262116e-18
       5940.0000   2.7632894e-18
       5950.0000   4.6030277e-18
       5960.0000   5.6104366e-18
       5970.0000   4.4861535e-18
       5980.0000   5.4256609e-18
       5990.0000   6.0757453e-18
       6000.0000   4.3914183e-18
       6010.0000   3.8206287e-18
       6020.0000   5.7602697e-18
       6030.0000   5.0326917e-18
       6040.0000   3.4268661e-18
       6050.0000   1.4499344e-18
       6060.0000   3.0690120e-18
       6070.0000   4.3360169e-18
       6080.0000   4.5232870e-18
       6090.0000   3.7133719e-18
       6100.0000   2.8616745e-18
       6110.0000   1.4522381e-18
       6120.0000   3.8103908e-18
       6130.0000   4.4309762e-18
       6140.0000   2.0995918e-18
       6150.0000   2.5055169e-18
       6160.0000   4.3485549e-18
       6170.0000   3.3831777e-18
       6180.0000   6.2588633e-19
       6190.0000   2.3055555e-18
       6200.0000   3.5963431e-18
       6210.0000   3.7334944e-18
       6220.0000   2.8671143e-18
       6230.0000   2.4975482e-18
       6240.0000   4.9891310e-18
       6250.0000   5.7117304e-18
       6260.0000   4.8553441e-18
       6270.0000   3.9220328e-18
       6280.0000   4.4800200e-18
       6290.0000   4.9617280e-18
       6300.0000   4.2159272e-18
       6310.0000   3.7915812e-18
       6320.0000   4.7834421e-18
       6330.0000   5.2596899e-18
       6340.0000   3.4112935e-18
       6350.0000   5.7554921e-18
       6360.0000   4.3784636e-18
       6370.0000   5.0939129e-18
       6380.0000   4.1068355e-18
       6390.0000   4.5861603e-18
       6400.0000   4.4346667e-18
       6410.0000   4.9771749e-18
       6420.0000   4.5328712e-18
       6430.0000   4.2859461e-18
       6440.0000   5.7116644e-18
       6450.0000   6.3693837e-18
       6460.0000   6.3391212e-18
       6470.0000   5.1370154e-18
       6480.0000   5.7032070e-18
       6490.0000   4.8665370e-18
       6500.0000   5.0442356e-18
       6510.0000   5.5003543e-18
       6520.0000   7.7000172e-18
       6530.0000   6.9069398e-18
       6540.0000   7.5439336e-18
       6550.0000   7.3978922e-18
       6560.0000   7.2178322e-18
       6570.0000   9.3934987e-18
       6580.0000   9.9384556e-18
       6590.0000   9.7507681e-18
       6600.0000   7.9542795e-18
       6610.0000   8.4614685e-18
       6620.0000   9.7062181e-18
       6630.0000   1.0668036e-17
       6640.0000   1.1415662e-17
       6650.0000   1.2468222e-17
       6660.0000   1.3645235e-17
       6670.0000   1.3891078e-17
       6680.0000   1.6203166e-17
       6690.0000   1.4931325e-17
       6700.0000   1.3987705e-17
       6710.0000   1.4815151e-17
       6720.0000   1.5104053e-17
       6730.0000   1.6067282e-17
       6740.0000   1.6195085e-17
       6750.0000   1.4085421e-17
       6760.0000   1.5473909e-17
       6770.0000   1.6649850e-17
       6780.0000   1.7423324e-17
       6790.0000   1.6591358e-17
       6800.0000   1.6168867e-17
       6810.0000   1.5977578e-17
       6820.0000   1.6144830e-17
       6830.0000   1.8078621e-17
       6840.0000   2.0364059e-17
       6850.0000   1.9465180e-17
       6860.0000   1.8214763e-17
       6870.0000   1.7249333e-17
       6880.0000   1.6711270e-17
       6890.0000   1.8473910e-17
       6900.0000   1.7270421e-17
       6910.0000   1.6485704e-17
       6920.0000   1.6182422e-17
       6930.0000   1.7598141e-17
       6940.0000   1.7152375e-17
       6950.0000   1.7264646e-17
       6960.0000   1.5578047e-17
       6970.0000   1.6899317e-17
       6980.0000   1.7564263e-17
       6990.0000   1.6014640e-17
       7000.0000   1.4070107e-17
       7010.0000   1.5226174e-17
       7020.0000   1.7748159e-17
       7030.0000   1.8860460e-17
       7040.0000   1.8769346e-17
       7050.0000   1.9249174e-17
       7060.0000   2.1171552e-17
       7070.0000   2.1171072e-17
       7080.0000   2.1792851e-17
       7090.0000   2.1825578e-17
       7100.0000   2.2567701e-17
       7110.0000   2.2334020e-17
       7120.0000   2.2416494e-17
       7130.0000   2.2571098e-17
       7140.0000   2.2253077e-17
       7150.0000   2.2845332e-17
       7160.0000   2.2288704e-17
       7170.0000   2.3224803e-17
       7180.0000   2.2205469e-17
       7190.0000   2.0968984e-17
       7200.0000   2.0686944e-17
       7210.0000   2.1868413e-17
       7220.0000   2.2410144e-17
       7230.0000   2.1823243e-17
       7240.0000   2.2066124e-17
       7250.0000   2.3011569e-17
       7260.0000   2.3787418e-17
       7270.0000   2.5140840e-17
       7280.0000   2.3759816e-17
       7290.0000   2.3126315e-17
       7300.0000   2.1583715e-17
       7310.0000   2.2632735e-17
       7320.0000   2.1975996e-17
       7330.0000   2.3483149e-17
       7340.0000   2.1652171e-17
       7350.0000   2.1579338e-17
       7360.0000   2.1010124e-17
       7370.0000   1.9655551e-17
       7380.0000   1.8495652e-17
       7390.0000   1.7288307e-17
       7400.0000   1.5919614e-17
       7410.0000   1.6604790e-17
       7420.0000   1.5356934e-17
       7430.0000   1.7315947e-17
       7440.0000   1.6789646e-17
       7450.0000   1.5961376e-17
       7460.0000   1.3931219e-17
       7470.0000   1.5063687e-17
       7480.0000   1.4009187e-17
       7490.0000   1.3556980e-17
       7500.0000   1.2536007e-17
       7510.0000   1.3140640e-17
       7520.0000   1.3401334e-17
       7530.0000   1.1437962e-17
       7540.0000   9.3614640e-18
       7550.0000   8.2678470e-18
       7560.0000   9.0471165e-18
       7570.0000   8.3115401e-18
       7580.0000   7.9526362e-18
       7590.0000   5.6162585e-18
       7600.0000   4.6560814e-18
       7610.0000   4.0671832e-18
       7620.0000   4.1896634e-18
       7630.0000   1.5645291e-18
       7640.0000  -1.8492465e-19
       7650.0000  -3.1586207e-19
       7660.0000  -1.4175276e-18
       7670.0000  -1.1220166e-18
       7680.0000  -6.1342419e-19
       7690.0000   1.1685869e-19
       7700.0000   6.2159562e-19
       7710.0000   2.9594273e-18
       7720.0000   4.0136061e-18
       7730.0000   5.2219073e-18
       7740.0000   5.1866366e-18
       7750.0000   7.4523017e-18
       7760.0000   9.1858849e-18
       7770.0000   1.0198100e-17
       7780.0000   1.1251701e-17
       7790.0000   9.7823642e-18
       7800.0000   9.8304505e-18
       7810.0000   1.2377946e-17
       7820.0000   1.6805857e-17
       7830.0000   2.0263029e-17
       7840.0000   2.0309512e-17
       7850.0000   2.0404187e-17
       7860.0000   2.2336909e-17
       7870.0000   2.4607697e-17
       7880.0000   2.5687790e-17
       7890.0000   2.4382101e-17
       7900.0000   2.8265050e-17
       7910.0000   3.0070680e-17
       7920.0000   3.4105485e-17
       7930.0000   3.1833307e-17
       7940.0000   2.8817160e-17
       7950.0000   2.8157591e-17
       7960.0000   3.1580156e-17
       7970.0000   4.0304990e-17
       7980.0000   4.6028689e-17
       7990.0000   4.8062119e-17
       8000.0000   5.0071869e-17
       8010.0000   5.1007176e-17
       8020.0000   5.1830255e-17
       8030.0000   5.3323549e-17
       8040.0000   5.6767565e-17
       8050.0000   6.1247062e-17
       8060.0000   6.3757094e-17
       8070.0000   6.5264675e-17
       8080.0000   6.6235042e-17
       8090.0000   6.9185778e-17
       8100.0000   6.9939916e-17
       8110.0000   7.1808972e-17
       8120.0000   7.2841309e-17
       8130.0000   7.9468153e-17
       8140.0000   8.2258812e-17
       8150.0000   8.4855478e-17
       8160.0000   8.3150928e-17
       8170.0000   8.1950016e-17
       8180.0000   8.1856265e-17
       8190.0000   8.2822820e-17
       8200.0000   8.9359697e-17
       8210.0000   9.4905555e-17
       8220.0000   9.7528513e-17
       8230.0000   9.9796696e-17
       8240.0000   1.0399061e-16
       8250.0000   1.1044696e-16
       8260.0000   1.1361098e-16
       8270.0000   1.1680991e-16
       8280.0000   1.1856897e-16
       8290.0000   1.2257571e-16
       8300.0000   1.2327890e-16
       8310.0000   1.2692445e-16
       8320.0000   1.2788604e-16
       8330.0000   1.3503573e-16
       8340.0000   1.3741007e-16
       8350.0000   1.4036209e-16
       8360.0000   1.4295432e-16
       8370.0000   1.4994349e-16
       8380.0000   1.5471623e-16
       8390.0000   1.6193856e-16
       8400.0000   1.6124902e-16
       8410.0000   1.6310158e-16
       8420.0000   1.6046685e-16
       8430.0000   1.6285297e-16
       8440.0000   1.6757163e-16
       8450.0000   1.6936039e-16
       8460.0000   1.7707826e-16
       8470.0000   1.7611972e-16
       8480.0000   1.8091734e-16
       8490.0000   1.7931509e-16
       8500.0000   1.7858981e-16
       8510.0000   1.5606945e-16
       8520.0000   1.5238780e-16
       8530.0000   1.5725209e-16
       8540.0000   1.8444227e-16
       8550.0000   1.9826058e-16
       8560.0000   2.0545053e-16
       8570.0000   2.0915022e-16
       8580.0000   2.1471343e-16
       8590.0000   2.1563614e-16
       8600.0000   2.0384784e-16
       8610.0000   1.8160174e-16
       8620.0000   1.6005879e-16
       8630.0000   1.4823274e-16
       8640.0000   1.5328008e-16
       8650.0000   1.6523522e-16
       8660.0000   1.6993545e-16
       8670.0000   1.7521466e-16
       8680.0000   1.7766015e-16
       8690.0000   1.7524478e-16
       8700.0000   1.7363530e-16
       8710.0000   1.7049019e-16
       8720.0000   1.7491536e-16
       8730.0000   1.8106764e-16
       8740.0000   1.8752514e-16
       8750.0000   2.0144969e-16
       8760.0000   2.0626218e-16
       8770.0000   2.1270410e-16
       8780.0000   2.0918301e-16
       8790.0000   2.0992768e-16
       8800.0000   2.1085479e-16
       8810.0000   2.2755670e-16
       8820.0000   2.3501172e-16
       8830.0000   2.4627881e-16
       8840.0000   2.4582436e-16
       8850.0000   2.4002513e-16
       8860.0000   2.4301602e-16
       8870.0000   2.4839980e-16
       8880.0000   2.5615275e-16
       8890.0000   2.4769139e-16
       8900.0000   2.8223061e-16
       8910.0000   2.9963208e-16
       8920.0000   3.0223490e-16
       8930.0000   2.9450983e-16
       8940.0000   2.8678476e-16
       8950.0000   2.8339618e-16
       8960.0000   2.9511314e-16
       8970.0000   3.0683010e-16
       8980.0000   3.1854706e-16
       8990.0000   3.0319127e-16
       9000.0000   2.8263899e-16
       9010.0000   2.6208672e-16
       9020.0000   2.4542655e-16
       9030.0000   2.3380039e-16
       9040.0000   2.2217424e-16
       9050.0000   2.1103235e-16
       9060.0000   2.3181723e-16
       9070.0000   2.5260212e-16
       9080.0000   2.7338701e-16
       9090.0000   3.0003230e-16
       9100.0000   3.3099191e-16
       9110.0000   3.6195152e-16
       9120.0000   3.8309054e-16
       9130.0000   3.3148619e-16
       9140.0000   2.7988184e-16
       9150.0000   2.2827749e-16
       9160.0000   2.3185063e-16
       9170.0000   2.6591989e-16
       9180.0000   2.9998916e-16
       9190.0000   3.2571915e-16
       9200.0000   3.0455284e-16
       9210.0000   2.8338652e-16
       9220.0000   2.6222021e-16
       9230.0000   2.7200264e-16
       9240.0000   2.9919080e-16
       9250.0000   3.2637896e-16
       9260.0000   3.5357095e-16
       9270.0000   3.8079307e-16
       9280.0000   4.0801519e-16
       9290.0000   4.3523732e-16
       9300.0000   4.3808682e-16
       9310.0000   4.2240442e-16
       9320.0000   4.0672202e-16
       9330.0000   3.9107536e-16
       9340.0000   3.8257046e-16
       9350.0000   3.7406556e-16
       9360.0000   3.6556066e-16
       9370.0000   3.5782251e-16
       9380.0000   3.5111757e-16
       9390.0000   3.4441264e-16
       9400.0000   3.3770770e-16
       9410.0000   3.5502648e-16
       9420.0000   3.7726646e-16
       9430.0000   3.9950644e-16
       9440.0000   4.1625575e-16
       9450.0000   4.1319216e-16
       9460.0000   4.1012858e-16
       9470.0000   4.0706500e-16
       9480.0000   3.9453854e-16
       9490.0000   3.7538132e-16
       9500.0000   3.5622409e-16
       9510.0000   3.3706687e-16
       9520.0000   3.4656562e-16
       9530.0000   3.5782901e-16
       9540.0000   3.6909239e-16
       9550.0000   3.7742012e-16
       9560.0000   3.7823476e-16
       9570.0000   3.7904940e-16
       9580.0000   3.7986404e-16
       9590.0000   3.8270004e-16
       9600.0000   3.8686671e-16
       9610.0000   3.9103338e-16
       9620.0000   3.9520005e-16
       9630.0000   3.9776612e-16
       9640.0000   4.0017193e-16
       9650.0000   4.0257774e-16
       9660.0000   4.0342763e-16
       9670.0000   3.9805383e-16
       9680.0000   3.9268002e-16
       9690.0000   3.8730622e-16
       9700.0000   3.9582349e-16
       9710.0000   4.1969406e-16
       9720.0000   4.4356463e-16
       9730.0000   4.6743520e-16
       9740.0000   4.8321330e-16
       9750.0000   4.9607311e-16
       9760.0000   5.0893293e-16
       9770.0000   5.2179275e-16
       9780.0000   5.2336279e-16
       9790.0000   5.2469071e-16
       9800.0000   5.2601862e-16
       9810.0000   5.2744118e-16
       9820.0000   5.2922196e-16
       9830.0000   5.3100273e-16
       9840.0000   5.3278351e-16
       9850.0000   5.2432546e-16
       9860.0000   5.0195940e-16
       9870.0000   4.7959333e-16
       9880.0000   4.5722727e-16
       9890.0000   4.6377354e-16
       9900.0000   4.8773961e-16
       9910.0000   5.1170567e-16
       9920.0000   5.3567174e-16
       9930.0000   5.3407681e-16
       9940.0000   5.2648457e-16
       9950.0000   5.1889234e-16
       9960.0000   5.1130010e-16
       9970.0000   5.1238666e-16
       9980.0000   5.1363203e-16
       9990.0000   5.1487740e-16
       10000.000   5.1655861e-16
       10010.000   5.2091634e-16
       10020.000   5.2527407e-16
       10030.000   5.2963180e-16
       10040.000   5.2750355e-16
       10050.000   5.0869547e-16
       10060.000   4.8988738e-16
       10070.000   4.7107930e-16
       10080.000   4.5586805e-16
       10090.000   4.4583356e-16
       10100.000   4.3579908e-16
       10110.000   4.2576459e-16
       10120.000   4.4380811e-16
       10130.000   4.8674318e-16
       10140.000   5.2967824e-16
       10150.000   5.7261331e-16
       10160.000   5.8744580e-16
       10170.000   5.8647327e-16
       10180.000   5.8550074e-16
       10190.000   5.8452821e-16
       10200.000   5.7595677e-16
       10210.000   5.6457589e-16
       10220.000   5.5319501e-16
       10230.000   5.4181413e-16
       10240.000   5.3988553e-16
       10250.000   5.4032001e-16
       10260.000   5.4075448e-16
       10270.000   5.4118896e-16
       10280.000   5.3318456e-16
       10290.000   5.2391941e-16
       10300.000   5.1465425e-16
       10310.000   5.0538910e-16
       10320.000   5.2538452e-16
       10330.000   5.4792366e-16
       10340.000   5.7046280e-16
       10350.000   5.9300194e-16
       10360.000   5.9722440e-16
       10370.000   6.0068288e-16
       10380.000   6.0414137e-16
       10390.000   6.0759986e-16
       10400.000   5.9020575e-16
       10410.000   5.7259977e-16
       10420.000   5.5499379e-16
       10430.000   5.3777025e-16
       10440.000   5.5818549e-16
       10450.000   5.7860074e-16
       10460.000   5.9901598e-16
       10470.000   6.1912567e-16
       10480.000   6.0886556e-16
       10490.000   5.9860545e-16
       10500.000   5.8834535e-16
       10510.000   5.7833800e-16
       10520.000   5.9320708e-16
       10530.000   6.0807616e-16
       10540.000   6.2294524e-16
       10550.000   6.3781431e-16
       10560.000   6.2780600e-16
       10570.000   6.1754738e-16
       10580.000   6.0728877e-16
       10590.000   5.9703015e-16
       10600.000   5.9827152e-16
       10610.000   5.9999133e-16
       10620.000   6.0171113e-16
       10630.000   6.0343094e-16
       10640.000   6.0276277e-16
       10650.000   6.0188701e-16
       10660.000   6.0101125e-16
       10670.000   6.0013549e-16
       10680.000   6.0781939e-16
       10690.000   6.1666966e-16
       10700.000   6.2551993e-16
       10710.000   6.3437019e-16
       10720.000   6.3816292e-16
       10730.000   6.4084560e-16
       10740.000   6.4352828e-16
       10750.000   6.4621097e-16
       10760.000   6.5461825e-16
       10770.000   6.6493373e-16
       10780.000   6.7524921e-16
       10790.000   6.8556470e-16
       10800.000   6.8107431e-16
       10810.000   6.6929212e-16
       10820.000   6.5750994e-16
       10830.000   6.4572775e-16
       10840.000   6.4267555e-16
       10850.000   6.4594557e-16
       10860.000   6.4921558e-16
       10870.000   6.5248560e-16
       10880.000   6.5420865e-16
       10890.000   6.5425568e-16
       10900.000   6.5430272e-16
       10910.000   6.5434975e-16
       10920.000   6.4984428e-16
       10930.000   6.3758789e-16
       10940.000   6.2533151e-16
       10950.000   6.1307512e-16
       10960.000   6.0409172e-16
       10970.000   6.0492726e-16
       10980.000   6.0576279e-16
       10990.000   6.0659833e-16
       11000.000   6.0604578e-16
       11010.000   5.9621007e-16
       11020.000   5.8637437e-16
       11030.000   5.7653867e-16
       11040.000   5.6670297e-16
       11050.000   5.6709736e-16
       11060.000   5.6759469e-16
       11070.000   5.6809201e-16
       11080.000   5.6858934e-16
       11090.000   5.7058854e-16
       11100.000   5.7285278e-16
       11110.000   5.7511703e-16
       11120.000   5.7738127e-16
       11130.000   5.7242122e-16
       11140.000   5.6436506e-16
       11150.000   5.5630889e-16
       11160.000   5.4825272e-16
       11170.000   5.5096791e-16
       11180.000   5.6285726e-16
       11190.000   5.7474662e-16
       11200.000   5.8663597e-16
       11210.000   5.9437205e-16
       11220.000   5.9503694e-16
       11230.000   5.9570182e-16
       11240.000   5.9636671e-16
       11250.000   5.9483561e-16
       11260.000   5.8452058e-16
       11270.000   5.7420554e-16
       11280.000   5.6389051e-16
       11290.000   5.5380438e-16
       11300.000   5.6646996e-16
       11310.000   5.7913554e-16
       11320.000   5.9180112e-16
       11330.000   6.0446670e-16
       11340.000   5.9015496e-16
       11350.000   5.6992215e-16
       11360.000   5.4968934e-16
       11370.000   5.2945653e-16
       11380.000   5.2221278e-16
       11390.000   5.2259817e-16
       11400.000   5.2298355e-16
       11410.000   5.2336894e-16
       11420.000   5.3575368e-16
       11430.000   5.6404580e-16
       11440.000   5.9233793e-16
       11450.000   6.2063005e-16
       11460.000   6.4178645e-16
       11470.000   6.3764635e-16
       11480.000   6.3350625e-16
       11490.000   6.2936615e-16
       11500.000   6.2522605e-16
       11510.000   6.2411236e-16
       11520.000   6.2299868e-16
       11530.000   6.2188499e-16
       11540.000   6.2077130e-16
       11550.000   6.2403337e-16
       11560.000   6.2852977e-16
       11570.000   6.3302617e-16
       11580.000   6.3752257e-16
       11590.000   6.3520945e-16
       11600.000   6.2732490e-16
       11610.000   6.1944034e-16
       11620.000   6.1155579e-16
       11630.000   6.0572605e-16
       11640.000   6.0426435e-16
       11650.000   6.0280266e-16
       11660.000   6.0134096e-16
       11670.000   5.9965990e-16
       11680.000   5.9545883e-16
       11690.000   5.9125776e-16
       11700.000   5.8705669e-16
       11710.000   5.8285562e-16
       11720.000   5.8593119e-16
       11730.000   5.9049737e-16
       11740.000   5.9506354e-16
       11750.000   5.9962972e-16
       11760.000   5.9908009e-16
       11770.000   5.9482563e-16
       11780.000   5.9057116e-16
       11790.000   5.8631669e-16
       11800.000   5.8817556e-16
       11810.000   6.0244746e-16
       11820.000   6.1671936e-16
       11830.000   6.3099125e-16
       11840.000   6.4497232e-16
       11850.000   6.5508478e-16
       11860.000   6.6519724e-16
       11870.000   6.7530970e-16
       11880.000   6.8542217e-16
       11890.000   6.8901385e-16
       11900.000   6.9097534e-16
       11910.000   6.9293684e-16
       11920.000   6.9489833e-16
       11930.000   6.9351393e-16
       11940.000   6.8927977e-16
       11950.000   6.8504562e-16
       11960.000   6.8081146e-16
       11970.000   6.8170554e-16
       11980.000   6.9719832e-16
       11990.000   7.1269110e-16
