       3000.0000   5.9737275e-14
       3010.0000   6.1230018e-14
       3020.0000   6.2746354e-14
       3030.0000   6.4286347e-14
       3040.0000   6.5850056e-14
       3050.0000   6.7437536e-14
       3060.0000   6.9048835e-14
       3070.0000   7.0683998e-14
       3080.0000   7.2343062e-14
       3090.0000   7.4026061e-14
       3100.0000   7.5733022e-14
       3110.0000   7.7463970e-14
       3120.0000   7.9218921e-14
       3130.0000   8.0997888e-14
       3140.0000   8.2800879e-14
       3150.0000   8.4627896e-14
       3160.0000   8.6478936e-14
       3170.0000   8.8353991e-14
       3180.0000   9.0253049e-14
       3190.0000   9.2176091e-14
       3200.0000   9.4123093e-14
       3210.0000   9.6094030e-14
       3220.0000   9.8088866e-14
       3230.0000   1.0010756e-13
       3240.0000   1.0215008e-13
       3250.0000   1.0421637e-13
       3260.0000   1.0630638e-13
       3270.0000   1.0842005e-13
       3280.0000   1.1055732e-13
       3290.0000   1.1271812e-13
       3300.0000   1.1490239e-13
       3310.0000   1.1711004e-13
       3320.0000   1.1934099e-13
       3330.0000   1.2159517e-13
       3340.0000   1.2387247e-13
       3350.0000   1.2617281e-13
       3360.0000   1.2849608e-13
       3370.0000   1.3084219e-13
       3380.0000   1.3321103e-13
       3390.0000   1.3560249e-13
       3400.0000   1.3801644e-13
       3410.0000   1.4045277e-13
       3420.0000   1.4291137e-13
       3430.0000   1.4539209e-13
       3440.0000   1.4789481e-13
       3450.0000   1.5041939e-13
       3460.0000   1.5296570e-13
       3470.0000   1.5553358e-13
       3480.0000   1.5812290e-13
       3490.0000   1.6073350e-13
       3500.0000   1.6336523e-13
       3510.0000   1.6601794e-13
       3520.0000   1.6869145e-13
       3530.0000   1.7138562e-13
       3540.0000   1.7410026e-13
       3550.0000   1.7683521e-13
       3560.0000   1.7959029e-13
       3570.0000   1.8236534e-13
       3580.0000   1.8516016e-13
       3590.0000   1.8797457e-13
       3600.0000   1.9080840e-13
       3610.0000   1.9366144e-13
       3620.0000   1.9653352e-13
       3630.0000   1.9942443e-13
       3640.0000   2.0233397e-13
       3650.0000   2.0526196e-13
       3660.0000   2.0820818e-13
       3670.0000   2.1117243e-13
       3680.0000   2.1415451e-13
       3690.0000   2.1715420e-13
       3700.0000   2.2017130e-13
       3710.0000   2.2320559e-13
       3720.0000   2.2625686e-13
       3730.0000   2.2932488e-13
       3740.0000   2.3240945e-13
       3750.0000   2.3551033e-13
       3760.0000   2.3862730e-13
       3770.0000   2.4176015e-13
       3780.0000   2.4490864e-13
       3790.0000   2.4807254e-13
       3800.0000   2.5125162e-13
       3810.0000   2.5444566e-13
       3820.0000   2.5765442e-13
       3830.0000   2.3370270e-13
       3840.0000   2.3990250e-13
       3850.0000   2.4661877e-13
       3860.0000   2.4403878e-13
       3870.0000   2.5729215e-13
       3880.0000   2.4955359e-13
       3890.0000   2.6414850e-13
       3900.0000   2.8796734e-13
       3910.0000   3.1334060e-13
       3920.0000   2.8380509e-13
       3930.0000   2.3069811e-13
       3940.0000   2.3673647e-13
       3950.0000   2.8009295e-13
       3960.0000   2.6204245e-13
       3970.0000   2.7652120e-13
       3980.0000   3.8232525e-13
       3990.0000   4.3610998e-13
       4000.0000   4.6253317e-13
       4010.0000   5.0372080e-13
       4020.0000   5.1656866e-13
       4030.0000   4.7787025e-13
       4040.0000   4.6023483e-13
       4050.0000   5.2070800e-13
       4060.0000   5.3485758e-13
       4070.0000   5.0473192e-13
       4080.0000   5.8217568e-13
       4090.0000   6.2008730e-13
       4100.0000   5.7623113e-13
       4110.0000   5.7390153e-13
       4120.0000   6.1293928e-13
       4130.0000   6.1806524e-13
       4140.0000   5.7336133e-13
       4150.0000   6.0226992e-13
       4160.0000   6.5782119e-13
       4170.0000   6.3740009e-13
       4180.0000   6.2583352e-13
       4190.0000   6.3743092e-13
       4200.0000   6.2681417e-13
       4210.0000   6.0039949e-13
       4220.0000   4.2437376e-13
       4230.0000   3.7027186e-13
       4240.0000   5.3863876e-13
       4250.0000   5.4615003e-13
       4260.0000   5.6526420e-13
       4270.0000   5.8290499e-13
       4280.0000   5.4977751e-13
       4290.0000   5.8399020e-13
       4300.0000   5.6840546e-13
       4310.0000   6.6719943e-13
       4320.0000   7.7279904e-13
       4330.0000   8.1636432e-13
       4340.0000   8.8729301e-13
       4350.0000   8.7471619e-13
       4360.0000   8.9713869e-13
       4370.0000   8.9909012e-13
       4380.0000   7.8728155e-13
       4390.0000   8.4169065e-13
       4400.0000   8.7623752e-13
       4410.0000   8.8552044e-13
       4420.0000   9.4957649e-13
       4430.0000   9.3797047e-13
       4440.0000   1.0210360e-12
       4450.0000   9.6651868e-13
       4460.0000   9.5103297e-13
       4470.0000   1.1325249e-12
       4480.0000   1.1899934e-12
       4490.0000   1.1762962e-12
       4500.0000   1.2555787e-12
       4510.0000   1.2958519e-12
       4520.0000   1.2168712e-12
       4530.0000   1.1269798e-12
       4540.0000   1.1741567e-12
       4550.0000   1.3014455e-12
       4560.0000   1.4045374e-12
       4570.0000   1.4444183e-12
       4580.0000   1.4080748e-12
       4590.0000   1.4258018e-12
       4600.0000   1.4497979e-12
       4610.0000   1.4867265e-12
       4620.0000   1.5214348e-12
       4630.0000   1.4992871e-12
       4640.0000   1.4638169e-12
       4650.0000   1.4624040e-12
       4660.0000   1.4748859e-12
       4670.0000   1.5010739e-12
       4680.0000   1.4903695e-12
       4690.0000   1.4732262e-12
       4700.0000   1.4579441e-12
       4710.0000   1.4652891e-12
       4720.0000   1.4961333e-12
       4730.0000   1.4617014e-12
       4740.0000   1.4539533e-12
       4750.0000   1.4248719e-12
       4760.0000   1.3104086e-12
       4770.0000   1.1904001e-12
       4780.0000   1.1426443e-12
       4790.0000   1.2369830e-12
       4800.0000   1.3686309e-12
       4810.0000   1.4076106e-12
       4820.0000   1.3677448e-12
       4830.0000   1.3345405e-12
       4840.0000   1.3780544e-12
       4850.0000   1.4279037e-12
       4860.0000   1.4267166e-12
       4870.0000   1.3866708e-12
       4880.0000   1.3742540e-12
       4890.0000   1.4257218e-12
       4900.0000   1.4944572e-12
       4910.0000   1.4919629e-12
       4920.0000   1.4839529e-12
       4930.0000   1.4977896e-12
       4940.0000   1.5337015e-12
       4950.0000   1.4985936e-12
       4960.0000   1.4016345e-12
       4970.0000   1.4233034e-12
       4980.0000   1.3767436e-12
       4990.0000   1.3067874e-12
       5000.0000   1.2941233e-12
       5010.0000   1.2517217e-12
       5020.0000   1.2613345e-12
       5030.0000   1.2808684e-12
       5040.0000   1.2756516e-12
       5050.0000   1.2837892e-12
       5060.0000   1.2710447e-12
       5070.0000   1.2336737e-12
       5080.0000   1.2150546e-12
       5090.0000   1.2325094e-12
       5100.0000   1.1965343e-12
       5110.0000   1.1915590e-12
       5120.0000   1.1863752e-12
       5130.0000   1.1819107e-12
       5140.0000   1.2310914e-12
       5150.0000   1.2127237e-12
       5160.0000   1.1816900e-12
       5170.0000   1.0529330e-12
       5180.0000   1.0008691e-12
       5190.0000   1.2019492e-12
       5200.0000   1.1774639e-12
       5210.0000   1.2794043e-12
       5220.0000   1.5680737e-12
       5230.0000   1.6591361e-12
       5240.0000   1.7233856e-12
       5250.0000   1.7280589e-12
       5260.0000   1.5370720e-12
       5270.0000   1.4947066e-12
       5280.0000   1.7135384e-12
       5290.0000   1.7488101e-12
       5300.0000   1.7918245e-12
       5310.0000   1.8991196e-12
       5320.0000   1.7766302e-12
       5330.0000   1.7163641e-12
       5340.0000   1.7693701e-12
       5350.0000   1.8700148e-12
       5360.0000   1.9691581e-12
       5370.0000   1.9129599e-12
       5380.0000   1.9660784e-12
       5390.0000   1.9397400e-12
       5400.0000   1.8107289e-12
       5410.0000   1.9026134e-12
       5420.0000   2.0169783e-12
       5430.0000   1.9531154e-12
       5440.0000   1.9183852e-12
       5450.0000   1.9133119e-12
       5460.0000   1.9246725e-12
       5470.0000   1.9545940e-12
       5480.0000   1.9761866e-12
       5490.0000   2.0323799e-12
       5500.0000   2.0124757e-12
       5510.0000   1.9466964e-12
       5520.0000   2.0064602e-12
       5530.0000   2.1035469e-12
       5540.0000   2.1295626e-12
       5550.0000   2.1615217e-12
       5560.0000   2.1096926e-12
       5570.0000   2.0187157e-12
       5580.0000   1.9534302e-12
       5590.0000   1.9177248e-12
       5600.0000   1.9921377e-12
       5610.0000   2.0592967e-12
       5620.0000   2.0811704e-12
       5630.0000   2.1530881e-12
       5640.0000   2.1973041e-12
       5650.0000   2.2077302e-12
       5660.0000   2.2078615e-12
       5670.0000   2.2192734e-12
       5680.0000   2.2129222e-12
       5690.0000   2.2310247e-12
       5700.0000   2.2411078e-12
       5710.0000   2.2347908e-12
       5720.0000   2.3002306e-12
       5730.0000   2.3482259e-12
       5740.0000   2.3891701e-12
       5750.0000   2.4277035e-12
       5760.0000   2.4103476e-12
       5770.0000   2.3866334e-12
       5780.0000   2.3503123e-12
       5790.0000   2.3763559e-12
       5800.0000   2.4740690e-12
       5810.0000   2.4718683e-12
       5820.0000   2.4465814e-12
       5830.0000   2.4565352e-12
       5840.0000   2.4621280e-12
       5850.0000   2.3608723e-12
       5860.0000   2.2808686e-12
       5870.0000   2.2868150e-12
       5880.0000   1.9489892e-12
       5890.0000   1.3771101e-12
       5900.0000   1.6143386e-12
       5910.0000   2.1828042e-12
       5920.0000   2.2800791e-12
       5930.0000   2.3290075e-12
       5940.0000   2.3637658e-12
       5950.0000   2.3538970e-12
       5960.0000   2.3630307e-12
       5970.0000   2.3829950e-12
       5980.0000   2.3847908e-12
       5990.0000   2.4329184e-12
       6000.0000   2.4398018e-12
       6010.0000   2.4186963e-12
       6020.0000   2.4529351e-12
       6030.0000   2.5071255e-12
       6040.0000   2.5627906e-12
       6050.0000   2.5743360e-12
       6060.0000   2.5499302e-12
       6070.0000   2.5732655e-12
       6080.0000   2.5805640e-12
       6090.0000   2.5627872e-12
       6100.0000   2.5073831e-12
       6110.0000   2.4974789e-12
       6120.0000   2.4426535e-12
       6130.0000   2.4155459e-12
       6140.0000   2.5476081e-12
       6150.0000   2.5197231e-12
       6160.0000   2.1777755e-12
       6170.0000   2.1169595e-12
       6180.0000   2.3422616e-12
       6190.0000   2.3059064e-12
       6200.0000   2.3135868e-12
       6210.0000   2.2737588e-12
       6220.0000   2.1600034e-12
       6230.0000   2.1527157e-12
       6240.0000   2.1676745e-12
       6250.0000   2.1517363e-12
       6260.0000   2.2050176e-12
       6270.0000   2.2876892e-12
       6280.0000   2.3318030e-12
       6290.0000   2.3627705e-12
       6300.0000   2.3842589e-12
       6310.0000   2.4337546e-12
       6320.0000   2.4935127e-12
       6330.0000   2.5326727e-12
       6340.0000   2.5662763e-12
       6350.0000   2.5727466e-12
       6360.0000   2.5146954e-12
       6370.0000   2.4852711e-12
       6380.0000   2.4307236e-12
       6390.0000   2.4053364e-12
       6400.0000   2.5075609e-12
       6410.0000   2.5868445e-12
       6420.0000   2.6204835e-12
       6430.0000   2.5934792e-12
       6440.0000   2.6022297e-12
       6450.0000   2.6715361e-12
       6460.0000   2.6490248e-12
       6470.0000   2.6775114e-12
       6480.0000   2.7490989e-12
       6490.0000   2.6146585e-12
       6500.0000   2.6203782e-12
       6510.0000   2.7728636e-12
       6520.0000   2.8110194e-12
       6530.0000   2.8451476e-12
       6540.0000   2.8222201e-12
       6550.0000   2.7674089e-12
       6560.0000   2.6941614e-12
       6570.0000   2.6737848e-12
       6580.0000   2.7505890e-12
       6590.0000   2.7573702e-12
       6600.0000   2.7414742e-12
       6610.0000   2.7777215e-12
       6620.0000   2.7665500e-12
       6630.0000   2.7392813e-12
       6640.0000   2.7353630e-12
       6650.0000   2.7087092e-12
       6660.0000   2.6665997e-12
       6670.0000   2.6515861e-12
       6680.0000   2.6247004e-12
       6690.0000   2.5945607e-12
       6700.0000   2.6082150e-12
       6710.0000   2.5480939e-12
       6720.0000   2.4872882e-12
       6730.0000   2.5152466e-12
       6740.0000   2.5017790e-12
       6750.0000   2.4754175e-12
       6760.0000   2.4789355e-12
       6770.0000   2.4925829e-12
       6780.0000   2.4540307e-12
       6790.0000   2.4102855e-12
       6800.0000   2.4116487e-12
       6810.0000   2.4041848e-12
       6820.0000   2.3894147e-12
       6830.0000   2.3755055e-12
       6840.0000   2.3588418e-12
       6850.0000   2.3304145e-12
       6860.0000   2.3137413e-12
       6870.0000   2.3352824e-12
       6880.0000   2.3443362e-12
       6890.0000   2.3607536e-12
       6900.0000   2.4044021e-12
       6910.0000   2.4193861e-12
       6920.0000   2.4800373e-12
       6930.0000   2.5856584e-12
       6940.0000   2.6752115e-12
       6950.0000   2.7027065e-12
       6960.0000   2.6855676e-12
       6970.0000   2.6560325e-12
       6980.0000   2.6578127e-12
       6990.0000   2.6883594e-12
       7000.0000   2.7114670e-12
       7010.0000   2.7404874e-12
       7020.0000   2.7687155e-12
       7030.0000   2.8261128e-12
       7040.0000   2.9303576e-12
       7050.0000   2.8895192e-12
       7060.0000   2.7495676e-12
       7070.0000   2.7567571e-12
       7080.0000   2.7379846e-12
       7090.0000   2.6433606e-12
       7100.0000   2.6298318e-12
       7110.0000   2.6692074e-12
       7120.0000   2.6319930e-12
       7130.0000   2.5271413e-12
       7140.0000   2.4584921e-12
       7150.0000   2.5142088e-12
       7160.0000   2.5986932e-12
       7170.0000   2.6256821e-12
       7180.0000   2.6441491e-12
       7190.0000   2.6614739e-12
       7200.0000   2.6150824e-12
       7210.0000   2.6185794e-12
       7220.0000   2.7162572e-12
       7230.0000   2.7644822e-12
       7240.0000   2.7726834e-12
       7250.0000   2.7821347e-12
       7260.0000   2.8238608e-12
       7270.0000   2.8646974e-12
       7280.0000   2.8939843e-12
       7290.0000   2.9083230e-12
       7300.0000   2.9159721e-12
       7310.0000   2.9360402e-12
       7320.0000   2.9176391e-12
       7330.0000   2.9386064e-12
       7340.0000   2.9725883e-12
       7350.0000   2.9239734e-12
       7360.0000   2.9174649e-12
       7370.0000   2.9881959e-12
       7380.0000   3.0129967e-12
       7390.0000   2.9841083e-12
       7400.0000   2.9875565e-12
       7410.0000   2.9952031e-12
       7420.0000   3.0035336e-12
       7430.0000   3.0342816e-12
       7440.0000   3.0230050e-12
       7450.0000   3.0290041e-12
       7460.0000   3.0333478e-12
       7470.0000   3.0374659e-12
       7480.0000   3.0701040e-12
       7490.0000   3.0338046e-12
       7500.0000   3.0270638e-12
       7510.0000   3.0606398e-12
       7520.0000   3.0661471e-12
       7530.0000   3.0772988e-12
       7540.0000   3.0970997e-12
       7550.0000   3.1008069e-12
       7560.0000   3.0947720e-12
       7570.0000   3.0969731e-12
       7580.0000   3.0709221e-12
       7590.0000   3.0490759e-12
       7600.0000   3.0361913e-12
       7610.0000   3.0171863e-12
       7620.0000   3.0277058e-12
       7630.0000   3.0232039e-12
       7640.0000   3.0132632e-12
       7650.0000   2.9916294e-12
       7660.0000   2.8430161e-12
       7670.0000   2.8281895e-12
       7680.0000   2.9438569e-12
       7690.0000   2.8853165e-12
       7700.0000   2.8569315e-12
       7710.0000   2.9040904e-12
       7720.0000   2.9287493e-12
       7730.0000   2.9661218e-12
       7740.0000   2.9544063e-12
       7750.0000   2.9257194e-12
       7760.0000   2.9380119e-12
       7770.0000   2.9526461e-12
       7780.0000   2.9343299e-12
       7790.0000   2.9263815e-12
       7800.0000   2.9585192e-12
       7810.0000   2.9780180e-12
       7820.0000   2.9747209e-12
       7830.0000   2.9226247e-12
       7840.0000   2.9263055e-12
       7850.0000   2.9756991e-12
       7860.0000   2.9838450e-12
       7870.0000   2.9859848e-12
       7880.0000   2.9895224e-12
       7890.0000   2.9939355e-12
       7900.0000   2.9853235e-12
       7910.0000   2.9772582e-12
       7920.0000   2.9792259e-12
       7930.0000   2.9687471e-12
       7940.0000   2.9393193e-12
       7950.0000   2.9649903e-12
       7960.0000   3.0118193e-12
       7970.0000   3.0189687e-12
       7980.0000   3.0194151e-12
       7990.0000   2.9977829e-12
       8000.0000   2.9911405e-12
       8010.0000   3.0186910e-12
       8020.0000   3.0078791e-12
       8030.0000   3.0071089e-12
       8040.0000   3.0018335e-12
       8050.0000   3.0185601e-12
       8060.0000   3.0501647e-12
       8070.0000   3.0368819e-12
       8080.0000   3.0386351e-12
       8090.0000   3.0378718e-12
       8100.0000   3.0480628e-12
       8110.0000   3.0293273e-12
       8120.0000   3.0243056e-12
       8130.0000   3.0457626e-12
       8140.0000   3.0340852e-12
       8150.0000   3.0282988e-12
       8160.0000   3.0185861e-12
       8170.0000   3.0120043e-12
       8180.0000   2.9026406e-12
       8190.0000   2.7438082e-12
       8200.0000   2.8296596e-12
       8210.0000   2.9532797e-12
       8220.0000   2.9548406e-12
       8230.0000   2.9804390e-12
       8240.0000   3.0367708e-12
       8250.0000   3.0503616e-12
       8260.0000   3.0689644e-12
       8270.0000   3.0414368e-12
       8280.0000   2.9769043e-12
       8290.0000   2.9807939e-12
       8300.0000   2.9637761e-12
       8310.0000   2.9561921e-12
       8320.0000   2.9119084e-12
       8330.0000   2.8796024e-12
       8340.0000   2.9501016e-12
       8350.0000   2.9793369e-12
       8360.0000   2.9383867e-12
       8370.0000   2.9194958e-12
       8380.0000   2.8453137e-12
       8390.0000   2.8518541e-12
       8400.0000   2.9486541e-12
       8410.0000   2.9318947e-12
       8420.0000   2.8883955e-12
       8430.0000   2.8139376e-12
       8440.0000   2.8366904e-12
       8450.0000   2.9134433e-12
       8460.0000   2.8851367e-12
       8470.0000   2.8848997e-12
       8480.0000   2.9106888e-12
       8490.0000   2.7999552e-12
       8500.0000   2.7817084e-12
       8510.0000   2.8296693e-12
       8520.0000   2.8306717e-12
       8530.0000   2.7938999e-12
       8540.0000   2.5353901e-12
       8550.0000   2.6106607e-12
       8560.0000   2.8830123e-12
       8570.0000   2.9033523e-12
       8580.0000   2.8994425e-12
       8590.0000   2.8949144e-12
       8600.0000   2.9014498e-12
       8610.0000   2.8874509e-12
       8620.0000   2.8867457e-12
       8630.0000   2.9000987e-12
       8640.0000   2.8938126e-12
       8650.0000   2.8244981e-12
       8660.0000   2.6043116e-12
       8670.0000   2.6198408e-12
       8680.0000   2.7543004e-12
       8690.0000   2.7501428e-12
       8700.0000   2.8187253e-12
       8710.0000   2.8355894e-12
       8720.0000   2.8395966e-12
       8730.0000   2.8400752e-12
       8740.0000   2.8437200e-12
       8750.0000   2.8672817e-12
       8760.0000   2.8597752e-12
       8770.0000   2.8328890e-12
       8780.0000   2.8400515e-12
       8790.0000   2.8512094e-12
       8800.0000   2.7336022e-12
       8810.0000   2.7457228e-12
       8820.0000   2.8212456e-12
       8830.0000   2.8133434e-12
       8840.0000   2.8435574e-12
       8850.0000   2.8524650e-12
       8860.0000   2.8293726e-12
       8870.0000   2.8083780e-12
       8880.0000   2.8538888e-12
       8890.0000   2.8740301e-12
       8900.0000   2.8762901e-12
       8910.0000   2.8975977e-12
       8920.0000   2.8847843e-12
       8930.0000   2.8754175e-12
       8940.0000   2.8557978e-12
       8950.0000   2.8331713e-12
       8960.0000   2.7821177e-12
       8970.0000   2.7346743e-12
       8980.0000   2.6969995e-12
       8990.0000   2.6735461e-12
       9000.0000   2.6762627e-12
       9010.0000   2.6626929e-12
       9020.0000   2.6858122e-12
       9030.0000   2.8418437e-12
       9040.0000   2.9803587e-12
       9050.0000   2.9681287e-12
       9060.0000   2.8848095e-12
       9070.0000   2.7721604e-12
       9080.0000   2.6924837e-12
       9090.0000   2.7056343e-12
       9100.0000   2.7510073e-12
       9110.0000   2.7740945e-12
       9120.0000   2.8131932e-12
       9130.0000   2.7317882e-12
       9140.0000   2.7563930e-12
       9150.0000   2.7607469e-12
       9160.0000   2.7575818e-12
       9170.0000   2.7674370e-12
       9180.0000   2.7490506e-12
       9190.0000   2.8900230e-12
       9200.0000   2.8149142e-12
       9210.0000   2.7770805e-12
       9220.0000   2.8113744e-12
       9230.0000   2.7905659e-12
       9240.0000   2.8172905e-12
       9250.0000   2.7712889e-12
       9260.0000   2.6718749e-12
       9270.0000   2.8432881e-12
       9280.0000   2.7853962e-12
       9290.0000   2.7395634e-12
       9300.0000   2.7678325e-12
       9310.0000   2.7522929e-12
       9320.0000   2.7659233e-12
       9330.0000   2.7655605e-12
       9340.0000   2.7580690e-12
       9350.0000   2.7416772e-12
       9360.0000   2.6737060e-12
       9370.0000   2.7353072e-12
       9380.0000   2.7447552e-12
       9390.0000   2.7453739e-12
       9400.0000   2.7155243e-12
       9410.0000   2.6801359e-12
       9420.0000   2.6494178e-12
       9430.0000   2.7114342e-12
       9440.0000   2.6746614e-12
       9450.0000   2.6327368e-12
       9460.0000   2.6968584e-12
       9470.0000   2.7156284e-12
       9480.0000   2.7247887e-12
       9490.0000   2.7256818e-12
       9500.0000   2.7228476e-12
       9510.0000   2.6868357e-12
       9520.0000   2.6975313e-12
       9530.0000   2.7123128e-12
       9540.0000   2.7007379e-12
       9550.0000   2.6331327e-12
       9560.0000   2.6930122e-12
       9570.0000   2.6900978e-12
       9580.0000   2.6849355e-12
       9590.0000   2.7067794e-12
       9600.0000   2.6118847e-12
       9610.0000   2.6823564e-12
       9620.0000   2.6858910e-12
       9630.0000   2.6580309e-12
       9640.0000   2.4975833e-12
       9650.0000   2.5674825e-12
       9660.0000   2.6345880e-12
       9670.0000   2.6264710e-12
       9680.0000   2.5545491e-12
       9690.0000   2.5788462e-12
       9700.0000   2.6718269e-12
       9710.0000   2.5683178e-12
       9720.0000   2.6150667e-12
       9730.0000   2.5213657e-12
       9740.0000   2.5769104e-12
       9750.0000   2.5912693e-12
       9760.0000   2.6600782e-12
       9770.0000   2.5811132e-12
       9780.0000   2.6423132e-12
       9790.0000   2.5094887e-12
       9800.0000   2.6370078e-12
       9810.0000   2.6454760e-12
       9820.0000   2.6394607e-12
       9830.0000   2.6300376e-12
       9840.0000   2.6384194e-12
       9850.0000   2.6400085e-12
       9860.0000   2.6330736e-12
       9870.0000   2.6231134e-12
       9880.0000   2.6287489e-12
       9890.0000   2.5996359e-12
       9900.0000   2.5716006e-12
       9910.0000   2.5214767e-12
       9920.0000   2.5145993e-12
       9930.0000   2.5111962e-12
       9940.0000   2.5659876e-12
       9950.0000   2.5584151e-12
       9960.0000   2.5579215e-12
       9970.0000   2.5707188e-12
       9980.0000   2.5592917e-12
       9990.0000   2.5494032e-12
       10000.000   2.5361738e-12
       10010.000   2.5177729e-12
       10020.000   2.5707728e-12
       10030.000   2.5553783e-12
       10040.000   2.5194594e-12
       10050.000   2.5340332e-12
       10060.000   2.4819876e-12
       10070.000   2.5306232e-12
       10080.000   2.5644176e-12
       10090.000   2.5472920e-12
       10100.000   2.5701396e-12
       10110.000   2.5513199e-12
       10120.000   2.5248313e-12
       10130.000   2.5315513e-12
       10140.000   2.5201384e-12
       10150.000   2.4768204e-12
       10160.000   2.5082352e-12
       10170.000   2.5038987e-12
       10180.000   2.5235975e-12
       10190.000   2.5065313e-12
       10200.000   2.5036430e-12
       10210.000   2.5158451e-12
       10220.000   2.4231707e-12
       10230.000   2.5061345e-12
       10240.000   2.5170328e-12
       10250.000   2.5065732e-12
       10260.000   2.4842546e-12
       10270.000   2.4983565e-12
       10280.000   2.4815963e-12
       10290.000   2.4888744e-12
       10300.000   2.4838449e-12
       10310.000   2.4837621e-12
       10320.000   2.4800761e-12
       10330.000   2.4330800e-12
       10340.000   2.4320772e-12
       10350.000   2.3603917e-12
       10360.000   2.4774225e-12
       10370.000   2.4696989e-12
       10380.000   2.4326609e-12
       10390.000   2.4654870e-12
       10400.000   2.3490189e-12
       10410.000   2.4705410e-12
       10420.000   2.4605298e-12
       10430.000   2.4262974e-12
       10440.000   2.4565442e-12
       10450.000   2.4577707e-12
       10460.000   2.4523184e-12
       10470.000   2.4027827e-12
       10480.000   2.4415819e-12
       10490.000   2.4208782e-12
       10500.000   2.3698408e-12
       10510.000   2.4280998e-12
       10520.000   2.4153114e-12
       10530.000   2.4332823e-12
       10540.000   2.4284330e-12
       10550.000   2.4280158e-12
       10560.000   2.4021162e-12
       10570.000   2.4055826e-12
       10580.000   2.4113088e-12
       10590.000   2.3174367e-12
       10600.000   2.4097564e-12
       10610.000   2.3483134e-12
       10620.000   2.3939196e-12
       10630.000   2.3936134e-12
       10640.000   2.4107111e-12
       10650.000   2.3815855e-12
       10660.000   2.3505122e-12
       10670.000   2.3533533e-12
       10680.000   2.3546517e-12
       10690.000   2.3317267e-12
       10700.000   2.3565936e-12
       10710.000   2.3638295e-12
       10720.000   2.3795312e-12
       10730.000   2.2655028e-12
       10740.000   2.3645952e-12
       10750.000   2.2948526e-12
       10760.000   2.3609062e-12
       10770.000   2.3614398e-12
       10780.000   2.3227583e-12
       10790.000   2.2692723e-12
       10800.000   2.3439806e-12
       10810.000   2.2889135e-12
       10820.000   2.3032475e-12
       10830.000   2.1464944e-12
       10840.000   2.2949236e-12
       10850.000   2.2992178e-12
       10860.000   2.3319302e-12
       10870.000   2.2209048e-12
       10880.000   2.3037515e-12
       10890.000   2.2897659e-12
       10900.000   2.2752704e-12
       10910.000   2.2704672e-12
       10920.000   2.3011355e-12
       10930.000   2.2659311e-12
       10940.000   2.3239904e-12
       10950.000   2.2899924e-12
       10960.000   2.2285818e-12
       10970.000   2.2013744e-12
       10980.000   2.2322822e-12
       10990.000   2.2702751e-12
       11000.000   2.2625341e-12
       11010.000   2.2705810e-12
       11020.000   2.2023445e-12
       11030.000   2.2598575e-12
       11040.000   2.2619579e-12
       11050.000   2.2583237e-12
       11060.000   2.2455471e-12
       11070.000   2.2491908e-12
       11080.000   2.2587506e-12
       11090.000   2.2500530e-12
       11100.000   2.2613184e-12
       11110.000   2.2528749e-12
       11120.000   2.2165980e-12
       11130.000   2.2497854e-12
       11140.000   2.2445653e-12
       11150.000   2.2207046e-12
       11160.000   2.1960375e-12
       11170.000   2.2353865e-12
       11180.000   2.2440495e-12
       11190.000   2.2092279e-12
       11200.000   2.1884096e-12
       11210.000   2.2338200e-12
       11220.000   2.2281205e-12
       11230.000   2.1959861e-12
       11240.000   2.2124800e-12
       11250.000   2.1881083e-12
       11260.000   2.1365365e-12
       11270.000   2.2241784e-12
       11280.000   2.1999093e-12
       11290.000   2.2174660e-12
       11300.000   2.1613586e-12
       11310.000   2.1985576e-12
       11320.000   2.1978416e-12
       11330.000   2.1884987e-12
       11340.000   2.1586121e-12
       11350.000   2.1374815e-12
       11360.000   2.1586883e-12
       11370.000   2.1858355e-12
       11380.000   2.0423936e-12
       11390.000   2.1055666e-12
       11400.000   2.1276359e-12
       11410.000   1.9904018e-12
       11420.000   2.1612787e-12
       11430.000   2.1582124e-12
       11440.000   2.0921891e-12
       11450.000   2.1432025e-12
       11460.000   2.1517460e-12
       11470.000   2.1548767e-12
       11480.000   2.1483879e-12
       11490.000   2.1079879e-12
       11500.000   2.1391986e-12
       11510.000   2.1412047e-12
       11520.000   2.1373966e-12
       11530.000   2.1333774e-12
       11540.000   2.1429588e-12
       11550.000   2.1436967e-12
       11560.000   2.1382383e-12
       11570.000   2.1316927e-12
       11580.000   2.1293691e-12
       11590.000   2.1156236e-12
       11600.000   2.0768308e-12
       11610.000   1.9622915e-12
       11620.000   2.1106227e-12
       11630.000   2.1165352e-12
       11640.000   2.0197266e-12
       11650.000   2.1152202e-12
       11660.000   2.0848529e-12
       11670.000   2.0874047e-12
       11680.000   2.1040883e-12
       11690.000   2.0201189e-12
       11700.000   2.0957582e-12
       11710.000   2.0991120e-12
       11720.000   2.1034040e-12
       11730.000   2.0975679e-12
       11740.000   2.0922133e-12
       11750.000   2.0870837e-12
       11760.000   2.0649708e-12
       11770.000   2.0342497e-12
       11780.000   2.0215252e-12
       11790.000   2.0488832e-12
       11800.000   2.0378853e-12
       11810.000   2.0771837e-12
       11820.000   2.0530861e-12
       11830.000   1.7070748e-12
       11840.000   2.0237582e-12
       11850.000   2.0564850e-12
       11860.000   2.0647032e-12
       11870.000   2.0542310e-12
       11880.000   2.0179877e-12
       11890.000   1.9346118e-12
       11900.000   2.0243204e-12
       11910.000   2.0483227e-12
       11920.000   2.0566442e-12
       11930.000   2.0496115e-12
       11940.000   2.0366971e-12
       11950.000   2.0055726e-12
       11960.000   2.0044468e-12
       11970.000   1.9959639e-12
       11980.000   1.8967702e-12
       11990.000   1.9104096e-12
