       3000.0000   2.4920755e-14
       3010.0000   2.5577760e-14
       3020.0000   2.6246120e-14
       3030.0000   2.6925888e-14
       3040.0000   2.7617116e-14
       3050.0000   2.8319854e-14
       3060.0000   2.9034149e-14
       3070.0000   2.9760047e-14
       3080.0000   3.0497590e-14
       3090.0000   3.1246818e-14
       3100.0000   3.2007769e-14
       3110.0000   3.2780479e-14
       3120.0000   3.3564981e-14
       3130.0000   3.4361305e-14
       3140.0000   3.5169479e-14
       3150.0000   3.5989529e-14
       3160.0000   3.6821479e-14
       3170.0000   3.7665350e-14
       3180.0000   3.8521159e-14
       3190.0000   3.9388924e-14
       3200.0000   4.0268657e-14
       3210.0000   4.1160370e-14
       3220.0000   4.2064072e-14
       3230.0000   4.2979768e-14
       3240.0000   4.3907464e-14
       3250.0000   4.4847160e-14
       3260.0000   4.5798856e-14
       3270.0000   4.6762548e-14
       3280.0000   4.7738230e-14
       3290.0000   4.8725896e-14
       3300.0000   4.9725533e-14
       3310.0000   5.0737131e-14
       3320.0000   5.1760673e-14
       3330.0000   5.2796142e-14
       3340.0000   5.3843519e-14
       3350.0000   5.4902781e-14
       3360.0000   5.5973905e-14
       3370.0000   5.7056864e-14
       3380.0000   5.8151629e-14
       3390.0000   5.9258169e-14
       3400.0000   6.0376452e-14
       3410.0000   6.1506441e-14
       3420.0000   6.2648100e-14
       3430.0000   6.3801389e-14
       3440.0000   6.4966265e-14
       3450.0000   6.6142686e-14
       3460.0000   6.7330605e-14
       3470.0000   6.8529975e-14
       3480.0000   6.9740745e-14
       3490.0000   7.0962863e-14
       3500.0000   7.2196276e-14
       3510.0000   7.3440927e-14
       3520.0000   7.4696760e-14
       3530.0000   7.5963713e-14
       3540.0000   7.7241726e-14
       3550.0000   7.8530734e-14
       3560.0000   7.9830674e-14
       3570.0000   8.1141477e-14
       3580.0000   8.2463075e-14
       3590.0000   8.3795397e-14
       3600.0000   8.5138372e-14
       3610.0000   8.6491925e-14
       3620.0000   8.7855980e-14
       3630.0000   8.9230461e-14
       3640.0000   9.0615288e-14
       3650.0000   9.2010381e-14
       3660.0000   9.3415659e-14
       3670.0000   9.4831038e-14
       3680.0000   9.6256433e-14
       3690.0000   9.7691758e-14
       3700.0000   9.9136925e-14
       3710.0000   1.0059185e-13
       3720.0000   1.0205643e-13
       3730.0000   1.0353058e-13
       3740.0000   1.0501421e-13
       3750.0000   1.0650723e-13
       3760.0000   1.0800953e-13
       3770.0000   1.0952103e-13
       3780.0000   1.1104161e-13
       3790.0000   1.1257120e-13
       3800.0000   1.1410967e-13
       3810.0000   1.1565694e-13
       3820.0000   1.1721290e-13
       3830.0000   9.3596279e-14
       3840.0000   1.0289014e-13
       3850.0000   1.0081186e-13
       3860.0000   9.8100129e-14
       3870.0000   1.0605622e-13
       3880.0000   1.0393480e-13
       3890.0000   1.0829926e-13
       3900.0000   1.1638632e-13
       3910.0000   1.2766098e-13
       3920.0000   1.1741040e-13
       3930.0000   9.9146095e-14
       3940.0000   1.0032722e-13
       3950.0000   1.1604412e-13
       3960.0000   1.1011220e-13
       3970.0000   1.1816607e-13
       3980.0000   1.5992915e-13
       3990.0000   1.7868316e-13
       4000.0000   1.8794242e-13
       4010.0000   2.0296070e-13
       4020.0000   2.0841245e-13
       4030.0000   1.9279373e-13
       4040.0000   1.8912189e-13
       4050.0000   2.1503490e-13
       4060.0000   2.1994986e-13
       4070.0000   2.0727247e-13
       4080.0000   2.2863739e-13
       4090.0000   2.3942053e-13
       4100.0000   2.2588266e-13
       4110.0000   2.2685900e-13
       4120.0000   2.4206027e-13
       4130.0000   2.4439003e-13
       4140.0000   2.3248430e-13
       4150.0000   2.4627166e-13
       4160.0000   2.6435424e-13
       4170.0000   2.5607438e-13
       4180.0000   2.5312872e-13
       4190.0000   2.5740046e-13
       4200.0000   2.4917609e-13
       4210.0000   2.2911096e-13
       4220.0000   1.5455288e-13
       4230.0000   1.3360228e-13
       4240.0000   2.0010952e-13
       4250.0000   2.0873174e-13
       4260.0000   2.2014200e-13
       4270.0000   2.3091836e-13
       4280.0000   2.2094087e-13
       4290.0000   2.3433503e-13
       4300.0000   2.3296129e-13
       4310.0000   2.6494196e-13
       4320.0000   3.0212620e-13
       4330.0000   3.1959294e-13
       4340.0000   3.4195401e-13
       4350.0000   3.3475286e-13
       4360.0000   3.4060508e-13
       4370.0000   3.4707594e-13
       4380.0000   3.1746318e-13
       4390.0000   3.3742351e-13
       4400.0000   3.5049364e-13
       4410.0000   3.5835584e-13
       4420.0000   3.7842561e-13
       4430.0000   3.7224350e-13
       4440.0000   4.0801922e-13
       4450.0000   3.9295954e-13
       4460.0000   3.9108377e-13
       4470.0000   4.5937202e-13
       4480.0000   4.8049705e-13
       4490.0000   4.8102814e-13
       4500.0000   5.0810422e-13
       4510.0000   5.1920356e-13
       4520.0000   4.9639934e-13
       4530.0000   4.6769805e-13
       4540.0000   4.8396071e-13
       4550.0000   5.3228501e-13
       4560.0000   5.8034796e-13
       4570.0000   6.0235559e-13
       4580.0000   5.8292598e-13
       4590.0000   5.8894295e-13
       4600.0000   6.0269573e-13
       4610.0000   6.2226772e-13
       4620.0000   6.3529889e-13
       4630.0000   6.1980711e-13
       4640.0000   6.0571166e-13
       4650.0000   6.0724898e-13
       4660.0000   6.1896603e-13
       4670.0000   6.2390121e-13
       4680.0000   6.1099762e-13
       4690.0000   6.1186693e-13
       4700.0000   6.2115608e-13
       4710.0000   6.2474032e-13
       4720.0000   6.2641118e-13
       4730.0000   6.1457966e-13
       4740.0000   6.1412326e-13
       4750.0000   6.0732606e-13
       4760.0000   5.4971232e-13
       4770.0000   4.8789683e-13
       4780.0000   4.7655933e-13
       4790.0000   5.1992859e-13
       4800.0000   5.6603234e-13
       4810.0000   5.7188806e-13
       4820.0000   5.6139730e-13
       4830.0000   5.5746801e-13
       4840.0000   5.7233161e-13
       4850.0000   5.8816233e-13
       4860.0000   5.9313016e-13
       4870.0000   5.8816985e-13
       4880.0000   5.9079604e-13
       4890.0000   6.1376916e-13
       4900.0000   6.4690273e-13
       4910.0000   6.5898122e-13
       4920.0000   6.6536660e-13
       4930.0000   6.7295970e-13
       4940.0000   6.8908405e-13
       4950.0000   6.6242910e-13
       4960.0000   5.9867625e-13
       4970.0000   6.0155201e-13
       4980.0000   5.9737202e-13
       4990.0000   5.7675625e-13
       5000.0000   5.6610654e-13
       5010.0000   5.4638275e-13
       5020.0000   5.5483451e-13
       5030.0000   5.6767140e-13
       5040.0000   5.7155238e-13
       5050.0000   5.7737005e-13
       5060.0000   5.7325068e-13
       5070.0000   5.6480289e-13
       5080.0000   5.6048108e-13
       5090.0000   5.6712940e-13
       5100.0000   5.5260496e-13
       5110.0000   5.5346069e-13
       5120.0000   5.5317746e-13
       5130.0000   5.5384376e-13
       5140.0000   5.7593119e-13
       5150.0000   5.6646643e-13
       5160.0000   5.5679424e-13
       5170.0000   4.9306768e-13
       5180.0000   4.6490652e-13
       5190.0000   5.5216405e-13
       5200.0000   5.3708842e-13
       5210.0000   5.8146772e-13
       5220.0000   7.1425176e-13
       5230.0000   7.6338087e-13
       5240.0000   7.7896088e-13
       5250.0000   7.7288475e-13
       5260.0000   7.0173534e-13
       5270.0000   6.9157157e-13
       5280.0000   7.8799939e-13
       5290.0000   8.0230193e-13
       5300.0000   8.1838112e-13
       5310.0000   8.6189538e-13
       5320.0000   8.1790333e-13
       5330.0000   7.9621905e-13
       5340.0000   8.1645581e-13
       5350.0000   8.6175474e-13
       5360.0000   9.0796364e-13
       5370.0000   8.9214241e-13
       5380.0000   9.2296835e-13
       5390.0000   9.1828689e-13
       5400.0000   8.6706939e-13
       5410.0000   9.0696123e-13
       5420.0000   9.5557276e-13
       5430.0000   9.2773672e-13
       5440.0000   9.0894786e-13
       5450.0000   8.7409488e-13
       5460.0000   8.5645750e-13
       5470.0000   8.8805233e-13
       5480.0000   9.0825812e-13
       5490.0000   9.3046197e-13
       5500.0000   9.1326109e-13
       5510.0000   8.7942490e-13
       5520.0000   9.1304566e-13
       5530.0000   9.5785395e-13
       5540.0000   9.6780211e-13
       5550.0000   9.8645343e-13
       5560.0000   9.7110278e-13
       5570.0000   9.3650653e-13
       5580.0000   9.1196168e-13
       5590.0000   8.8699249e-13
       5600.0000   8.9878278e-13
       5610.0000   9.2682519e-13
       5620.0000   9.4022209e-13
       5630.0000   9.6326988e-13
       5640.0000   9.8277894e-13
       5650.0000   1.0057681e-12
       5660.0000   1.0114144e-12
       5670.0000   1.0089475e-12
       5680.0000   1.0147760e-12
       5690.0000   1.0336006e-12
       5700.0000   1.0503120e-12
       5710.0000   1.0560461e-12
       5720.0000   1.0786055e-12
       5730.0000   1.1000668e-12
       5740.0000   1.1238605e-12
       5750.0000   1.1502125e-12
       5760.0000   1.1344675e-12
       5770.0000   1.1111001e-12
       5780.0000   1.1098212e-12
       5790.0000   1.1339363e-12
       5800.0000   1.1806931e-12
       5810.0000   1.1638289e-12
       5820.0000   1.1324676e-12
       5830.0000   1.1411805e-12
       5840.0000   1.1464820e-12
       5850.0000   1.0906006e-12
       5860.0000   1.0380159e-12
       5870.0000   1.0170500e-12
       5880.0000   8.4469537e-13
       5890.0000   5.8785170e-13
       5900.0000   6.8316556e-13
       5910.0000   9.3680719e-13
       5920.0000   9.9423660e-13
       5930.0000   1.0270374e-12
       5940.0000   1.0608258e-12
       5950.0000   1.0533105e-12
       5960.0000   1.0517687e-12
       5970.0000   1.0652472e-12
       5980.0000   1.0779174e-12
       5990.0000   1.1183039e-12
       6000.0000   1.1277657e-12
       6010.0000   1.1234728e-12
       6020.0000   1.1513575e-12
       6030.0000   1.1781777e-12
       6040.0000   1.2097945e-12
       6050.0000   1.2242142e-12
       6060.0000   1.2138340e-12
       6070.0000   1.2303477e-12
       6080.0000   1.2387134e-12
       6090.0000   1.2376576e-12
       6100.0000   1.2109610e-12
       6110.0000   1.2036507e-12
       6120.0000   1.1821588e-12
       6130.0000   1.1793219e-12
       6140.0000   1.2521509e-12
       6150.0000   1.2175125e-12
       6160.0000   1.0117674e-12
       6170.0000   9.5571833e-13
       6180.0000   1.0474713e-12
       6190.0000   1.0104965e-12
       6200.0000   1.0145137e-12
       6210.0000   9.9748749e-13
       6220.0000   9.2187738e-13
       6230.0000   9.1212415e-13
       6240.0000   9.3242039e-13
       6250.0000   9.4689386e-13
       6260.0000   9.8832898e-13
       6270.0000   1.0274904e-12
       6280.0000   1.0561647e-12
       6290.0000   1.0838784e-12
       6300.0000   1.1136944e-12
       6310.0000   1.1641955e-12
       6320.0000   1.2050857e-12
       6330.0000   1.2339480e-12
       6340.0000   1.2646621e-12
       6350.0000   1.2655844e-12
       6360.0000   1.2232618e-12
       6370.0000   1.1947235e-12
       6380.0000   1.1455493e-12
       6390.0000   1.1434326e-12
       6400.0000   1.2363115e-12
       6410.0000   1.2931010e-12
       6420.0000   1.3123201e-12
       6430.0000   1.3011908e-12
       6440.0000   1.3127205e-12
       6450.0000   1.3573674e-12
       6460.0000   1.3521055e-12
       6470.0000   1.3753132e-12
       6480.0000   1.4117247e-12
       6490.0000   1.3420254e-12
       6500.0000   1.3519326e-12
       6510.0000   1.4331129e-12
       6520.0000   1.4596362e-12
       6530.0000   1.4886938e-12
       6540.0000   1.4825262e-12
       6550.0000   1.4484597e-12
       6560.0000   1.4102416e-12
       6570.0000   1.3924651e-12
       6580.0000   1.4226715e-12
       6590.0000   1.4326429e-12
       6600.0000   1.4253961e-12
       6610.0000   1.4373914e-12
       6620.0000   1.4187775e-12
       6630.0000   1.3968422e-12
       6640.0000   1.3950288e-12
       6650.0000   1.3607589e-12
       6660.0000   1.3282544e-12
       6670.0000   1.3313744e-12
       6680.0000   1.2952554e-12
       6690.0000   1.2604286e-12
       6700.0000   1.2788332e-12
       6710.0000   1.2406547e-12
       6720.0000   1.1874149e-12
       6730.0000   1.1965991e-12
       6740.0000   1.1949226e-12
       6750.0000   1.1793377e-12
       6760.0000   1.1821022e-12
       6770.0000   1.1968939e-12
       6780.0000   1.1688190e-12
       6790.0000   1.1327669e-12
       6800.0000   1.1375628e-12
       6810.0000   1.1383179e-12
       6820.0000   1.1311477e-12
       6830.0000   1.1274327e-12
       6840.0000   1.1243324e-12
       6850.0000   1.1066728e-12
       6860.0000   1.0941644e-12
       6870.0000   1.1155004e-12
       6880.0000   1.1297875e-12
       6890.0000   1.1442025e-12
       6900.0000   1.1743713e-12
       6910.0000   1.1892396e-12
       6920.0000   1.2330962e-12
       6930.0000   1.3060095e-12
       6940.0000   1.3719344e-12
       6950.0000   1.3966622e-12
       6960.0000   1.3891717e-12
       6970.0000   1.3816262e-12
       6980.0000   1.3930694e-12
       6990.0000   1.4118906e-12
       7000.0000   1.4283145e-12
       7010.0000   1.4583279e-12
       7020.0000   1.4838396e-12
       7030.0000   1.5316252e-12
       7040.0000   1.6145353e-12
       7050.0000   1.5693322e-12
       7060.0000   1.4484738e-12
       7070.0000   1.4530205e-12
       7080.0000   1.4416158e-12
       7090.0000   1.3556412e-12
       7100.0000   1.3385488e-12
       7110.0000   1.3840975e-12
       7120.0000   1.3510214e-12
       7130.0000   1.2505895e-12
       7140.0000   1.2090965e-12
       7150.0000   1.2627966e-12
       7160.0000   1.3185008e-12
       7170.0000   1.3385189e-12
       7180.0000   1.3679436e-12
       7190.0000   1.3899405e-12
       7200.0000   1.3570435e-12
       7210.0000   1.3613377e-12
       7220.0000   1.4307796e-12
       7230.0000   1.4645636e-12
       7240.0000   1.4763241e-12
       7250.0000   1.4978397e-12
       7260.0000   1.5357957e-12
       7270.0000   1.5630655e-12
       7280.0000   1.5875656e-12
       7290.0000   1.6095669e-12
       7300.0000   1.6212325e-12
       7310.0000   1.6416664e-12
       7320.0000   1.6342862e-12
       7330.0000   1.6491598e-12
       7340.0000   1.6779483e-12
       7350.0000   1.6574647e-12
       7360.0000   1.6601797e-12
       7370.0000   1.7031690e-12
       7380.0000   1.7247886e-12
       7390.0000   1.7142282e-12
       7400.0000   1.7148791e-12
       7410.0000   1.7236417e-12
       7420.0000   1.7311819e-12
       7430.0000   1.7465835e-12
       7440.0000   1.7410595e-12
       7450.0000   1.7458258e-12
       7460.0000   1.7492448e-12
       7470.0000   1.7527868e-12
       7480.0000   1.7711679e-12
       7490.0000   1.7570201e-12
       7500.0000   1.7572225e-12
       7510.0000   1.7767347e-12
       7520.0000   1.7822770e-12
       7530.0000   1.7887745e-12
       7540.0000   1.8032867e-12
       7550.0000   1.8090992e-12
       7560.0000   1.8059086e-12
       7570.0000   1.8080399e-12
       7580.0000   1.7952807e-12
       7590.0000   1.7650788e-12
       7600.0000   1.7436462e-12
       7610.0000   1.7447545e-12
       7620.0000   1.7504396e-12
       7630.0000   1.7315853e-12
       7640.0000   1.7146240e-12
       7650.0000   1.7109222e-12
       7660.0000   1.6102120e-12
       7670.0000   1.5766738e-12
       7680.0000   1.6505798e-12
       7690.0000   1.6190073e-12
       7700.0000   1.5966019e-12
       7710.0000   1.6300509e-12
       7720.0000   1.6564957e-12
       7730.0000   1.6836465e-12
       7740.0000   1.6743721e-12
       7750.0000   1.6479722e-12
       7760.0000   1.6515376e-12
       7770.0000   1.6667030e-12
       7780.0000   1.6585433e-12
       7790.0000   1.6564586e-12
       7800.0000   1.6828087e-12
       7810.0000   1.7023044e-12
       7820.0000   1.6979549e-12
       7830.0000   1.6622975e-12
       7840.0000   1.6683852e-12
       7850.0000   1.7035346e-12
       7860.0000   1.7111340e-12
       7870.0000   1.7145834e-12
       7880.0000   1.7236887e-12
       7890.0000   1.7324361e-12
       7900.0000   1.7287349e-12
       7910.0000   1.7248376e-12
       7920.0000   1.7286999e-12
       7930.0000   1.7318797e-12
       7940.0000   1.7222343e-12
       7950.0000   1.7352821e-12
       7960.0000   1.7635855e-12
       7970.0000   1.7702760e-12
       7980.0000   1.7724367e-12
       7990.0000   1.7651709e-12
       8000.0000   1.7662345e-12
       8010.0000   1.7833613e-12
       8020.0000   1.7808807e-12
       8030.0000   1.7830009e-12
       8040.0000   1.7845651e-12
       8050.0000   1.7988395e-12
       8060.0000   1.8165102e-12
       8070.0000   1.8099683e-12
       8080.0000   1.8154393e-12
       8090.0000   1.8200336e-12
       8100.0000   1.8241269e-12
       8110.0000   1.8119438e-12
       8120.0000   1.8142067e-12
       8130.0000   1.8276770e-12
       8140.0000   1.8209179e-12
       8150.0000   1.8192037e-12
       8160.0000   1.8141461e-12
       8170.0000   1.8085781e-12
       8180.0000   1.7289742e-12
       8190.0000   1.6190695e-12
       8200.0000   1.6844408e-12
       8210.0000   1.7797020e-12
       8220.0000   1.7852680e-12
       8230.0000   1.8003785e-12
       8240.0000   1.8343635e-12
       8250.0000   1.8403723e-12
       8260.0000   1.8510419e-12
       8270.0000   1.8346562e-12
       8280.0000   1.7928937e-12
       8290.0000   1.7962418e-12
       8300.0000   1.7866834e-12
       8310.0000   1.7802846e-12
       8320.0000   1.7574958e-12
       8330.0000   1.7425995e-12
       8340.0000   1.7841233e-12
       8350.0000   1.8003201e-12
       8360.0000   1.7756849e-12
       8370.0000   1.7623596e-12
       8380.0000   1.7144034e-12
       8390.0000   1.7174481e-12
       8400.0000   1.7795493e-12
       8410.0000   1.7713467e-12
       8420.0000   1.7409618e-12
       8430.0000   1.6882570e-12
       8440.0000   1.6998988e-12
       8450.0000   1.7455813e-12
       8460.0000   1.7269873e-12
       8470.0000   1.7272920e-12
       8480.0000   1.7436553e-12
       8490.0000   1.6860686e-12
       8500.0000   1.6731750e-12
       8510.0000   1.6957527e-12
       8520.0000   1.6985178e-12
       8530.0000   1.6864719e-12
       8540.0000   1.5473167e-12
       8550.0000   1.5892522e-12
       8560.0000   1.7401983e-12
       8570.0000   1.7513666e-12
       8580.0000   1.7534058e-12
       8590.0000   1.7543439e-12
       8600.0000   1.7596174e-12
       8610.0000   1.7504876e-12
       8620.0000   1.7481114e-12
       8630.0000   1.7548976e-12
       8640.0000   1.7537717e-12
       8650.0000   1.7195200e-12
       8660.0000   1.5988766e-12
       8670.0000   1.6106753e-12
       8680.0000   1.6858329e-12
       8690.0000   1.6744047e-12
       8700.0000   1.7113272e-12
       8710.0000   1.7252612e-12
       8720.0000   1.7300663e-12
       8730.0000   1.7336222e-12
       8740.0000   1.7351414e-12
       8750.0000   1.7481931e-12
       8760.0000   1.7438800e-12
       8770.0000   1.7339780e-12
       8780.0000   1.7425099e-12
       8790.0000   1.7515206e-12
       8800.0000   1.6872703e-12
       8810.0000   1.6926631e-12
       8820.0000   1.7305087e-12
       8830.0000   1.7261524e-12
       8840.0000   1.7475584e-12
       8850.0000   1.7519477e-12
       8860.0000   1.7344400e-12
       8870.0000   1.7147461e-12
       8880.0000   1.7391852e-12
       8890.0000   1.7528819e-12
       8900.0000   1.7595073e-12
       8910.0000   1.7747387e-12
       8920.0000   1.7678686e-12
       8930.0000   1.7658835e-12
       8940.0000   1.7557522e-12
       8950.0000   1.7403314e-12
       8960.0000   1.7038586e-12
       8970.0000   1.6777318e-12
       8980.0000   1.6590336e-12
       8990.0000   1.6455698e-12
       9000.0000   1.6492665e-12
       9010.0000   1.6454816e-12
       9020.0000   1.6615914e-12
       9030.0000   1.7560690e-12
       9040.0000   1.8421792e-12
       9050.0000   1.8340654e-12
       9060.0000   1.7824999e-12
       9070.0000   1.7163492e-12
       9080.0000   1.6715284e-12
       9090.0000   1.6792739e-12
       9100.0000   1.7060127e-12
       9110.0000   1.7246109e-12
       9120.0000   1.7479198e-12
       9130.0000   1.6944804e-12
       9140.0000   1.7158267e-12
       9150.0000   1.7185670e-12
       9160.0000   1.7171296e-12
       9170.0000   1.7271924e-12
       9180.0000   1.7149544e-12
       9190.0000   1.8036874e-12
       9200.0000   1.7495633e-12
       9210.0000   1.7259633e-12
       9220.0000   1.7524784e-12
       9230.0000   1.7396790e-12
       9240.0000   1.7350708e-12
       9250.0000   1.7207911e-12
       9260.0000   1.6976634e-12
       9270.0000   1.7694312e-12
       9280.0000   1.7178542e-12
       9290.0000   1.7021768e-12
       9300.0000   1.7077631e-12
       9310.0000   1.7100299e-12
       9320.0000   1.7037035e-12
       9330.0000   1.7212142e-12
       9340.0000   1.7186971e-12
       9350.0000   1.7088616e-12
       9360.0000   1.6838704e-12
       9370.0000   1.6925100e-12
       9380.0000   1.6892381e-12
       9390.0000   1.7035761e-12
       9400.0000   1.6926870e-12
       9410.0000   1.6958224e-12
       9420.0000   1.6552158e-12
       9430.0000   1.6935241e-12
       9440.0000   1.6744208e-12
       9450.0000   1.6323938e-12
       9460.0000   1.6841643e-12
       9470.0000   1.6838074e-12
       9480.0000   1.6905143e-12
       9490.0000   1.6879700e-12
       9500.0000   1.6821165e-12
       9510.0000   1.6758673e-12
       9520.0000   1.6818798e-12
       9530.0000   1.6937578e-12
       9540.0000   1.6912088e-12
       9550.0000   1.6424845e-12
       9560.0000   1.6909627e-12
       9570.0000   1.6900427e-12
       9580.0000   1.6683787e-12
       9590.0000   1.6899732e-12
       9600.0000   1.6381044e-12
       9610.0000   1.6831949e-12
       9620.0000   1.6885426e-12
       9630.0000   1.6905118e-12
       9640.0000   1.5493461e-12
       9650.0000   1.5987146e-12
       9660.0000   1.6623300e-12
       9670.0000   1.6502780e-12
       9680.0000   1.5634067e-12
       9690.0000   1.6124162e-12
       9700.0000   1.6689224e-12
       9710.0000   1.5812060e-12
       9720.0000   1.6340066e-12
       9730.0000   1.5927530e-12
       9740.0000   1.6260707e-12
       9750.0000   1.6223272e-12
       9760.0000   1.6620976e-12
       9770.0000   1.6316255e-12
       9780.0000   1.6589982e-12
       9790.0000   1.5495927e-12
       9800.0000   1.6547821e-12
       9810.0000   1.6537492e-12
       9820.0000   1.6531284e-12
       9830.0000   1.6483298e-12
       9840.0000   1.6469635e-12
       9850.0000   1.6517249e-12
       9860.0000   1.6462533e-12
       9870.0000   1.6425802e-12
       9880.0000   1.6464499e-12
       9890.0000   1.6426762e-12
       9900.0000   1.6003407e-12
       9910.0000   1.5439938e-12
       9920.0000   1.5462808e-12
       9930.0000   1.5501651e-12
       9940.0000   1.5936361e-12
       9950.0000   1.5871355e-12
       9960.0000   1.5897878e-12
       9970.0000   1.6035285e-12
       9980.0000   1.5877659e-12
       9990.0000   1.5752811e-12
       10000.000   1.5714538e-12
       10010.000   1.5767488e-12
       10020.000   1.6052821e-12
       10030.000   1.6016251e-12
       10040.000   1.5738442e-12
       10050.000   1.5965791e-12
       10060.000   1.5535331e-12
       10070.000   1.5778506e-12
       10080.000   1.6051124e-12
       10090.000   1.5920907e-12
       10100.000   1.6167607e-12
       10110.000   1.6074145e-12
       10120.000   1.5826284e-12
       10130.000   1.5986564e-12
       10140.000   1.5765521e-12
       10150.000   1.5555386e-12
       10160.000   1.5704872e-12
       10170.000   1.5751423e-12
       10180.000   1.5867282e-12
       10190.000   1.5701321e-12
       10200.000   1.5742436e-12
       10210.000   1.5827744e-12
       10220.000   1.5299353e-12
       10230.000   1.5708781e-12
       10240.000   1.5775271e-12
       10250.000   1.5728907e-12
       10260.000   1.5551958e-12
       10270.000   1.5670549e-12
       10280.000   1.5579430e-12
       10290.000   1.5655352e-12
       10300.000   1.5574163e-12
       10310.000   1.5620423e-12
       10320.000   1.5563592e-12
       10330.000   1.5345490e-12
       10340.000   1.5262649e-12
       10350.000   1.4659071e-12
       10360.000   1.5570612e-12
       10370.000   1.5615788e-12
       10380.000   1.5397595e-12
       10390.000   1.5530361e-12
       10400.000   1.4827170e-12
       10410.000   1.5560192e-12
       10420.000   1.5540771e-12
       10430.000   1.5256535e-12
       10440.000   1.5577426e-12
       10450.000   1.5572266e-12
       10460.000   1.5579069e-12
       10470.000   1.5302246e-12
       10480.000   1.5402775e-12
       10490.000   1.5309947e-12
       10500.000   1.4965534e-12
       10510.000   1.5413833e-12
       10520.000   1.5220803e-12
       10530.000   1.5463544e-12
       10540.000   1.5405008e-12
       10550.000   1.5354394e-12
       10560.000   1.5178789e-12
       10570.000   1.5215315e-12
       10580.000   1.5274863e-12
       10590.000   1.4741004e-12
       10600.000   1.5275139e-12
       10610.000   1.4954049e-12
       10620.000   1.5168098e-12
       10630.000   1.5274126e-12
       10640.000   1.5245627e-12
       10650.000   1.5182079e-12
       10660.000   1.5018141e-12
       10670.000   1.4931487e-12
       10680.000   1.5023555e-12
       10690.000   1.5273803e-12
       10700.000   1.5166178e-12
       10710.000   1.5107106e-12
       10720.000   1.5154221e-12
       10730.000   1.4563949e-12
       10740.000   1.5065769e-12
       10750.000   1.4759379e-12
       10760.000   1.5075774e-12
       10770.000   1.5071224e-12
       10780.000   1.4835888e-12
       10790.000   1.4717504e-12
       10800.000   1.4898425e-12
       10810.000   1.4833932e-12
       10820.000   1.4770747e-12
       10830.000   1.4180566e-12
       10840.000   1.4513510e-12
       10850.000   1.4684159e-12
       10860.000   1.4896557e-12
       10870.000   1.4526118e-12
       10880.000   1.4701271e-12
       10890.000   1.4660146e-12
       10900.000   1.4627586e-12
       10910.000   1.4544710e-12
       10920.000   1.4641305e-12
       10930.000   1.4740837e-12
       10940.000   1.4788296e-12
       10950.000   1.4775042e-12
       10960.000   1.4482353e-12
       10970.000   1.4318695e-12
       10980.000   1.4505894e-12
       10990.000   1.4577014e-12
       11000.000   1.4571219e-12
       11010.000   1.4591526e-12
       11020.000   1.4324604e-12
       11030.000   1.4576772e-12
       11040.000   1.4499280e-12
       11050.000   1.4511389e-12
       11060.000   1.4448614e-12
       11070.000   1.4438748e-12
       11080.000   1.4501350e-12
       11090.000   1.4482123e-12
       11100.000   1.4511533e-12
       11110.000   1.4437751e-12
       11120.000   1.4261574e-12
       11130.000   1.4476943e-12
       11140.000   1.4430383e-12
       11150.000   1.4304659e-12
       11160.000   1.4083703e-12
       11170.000   1.4394995e-12
       11180.000   1.4330036e-12
       11190.000   1.4280534e-12
       11200.000   1.4262760e-12
       11210.000   1.4323147e-12
       11220.000   1.4324194e-12
       11230.000   1.4340343e-12
       11240.000   1.4371708e-12
       11250.000   1.4207299e-12
       11260.000   1.3441150e-12
       11270.000   1.4302867e-12
       11280.000   1.4280801e-12
       11290.000   1.4407600e-12
       11300.000   1.4243924e-12
       11310.000   1.4111492e-12
       11320.000   1.4149710e-12
       11330.000   1.4153381e-12
       11340.000   1.4076105e-12
       11350.000   1.4356383e-12
       11360.000   1.3992046e-12
       11370.000   1.3990931e-12
       11380.000   1.3378208e-12
       11390.000   1.3635525e-12
       11400.000   1.3496761e-12
       11410.000   1.2257270e-12
       11420.000   1.3874691e-12
       11430.000   1.3829177e-12
       11440.000   1.3715766e-12
       11450.000   1.3895313e-12
       11460.000   1.3922004e-12
       11470.000   1.3960421e-12
       11480.000   1.3841816e-12
       11490.000   1.3784975e-12
       11500.000   1.3911404e-12
       11510.000   1.3798634e-12
       11520.000   1.3827934e-12
       11530.000   1.3794848e-12
       11540.000   1.3795881e-12
       11550.000   1.3748222e-12
       11560.000   1.3793604e-12
       11570.000   1.3720136e-12
       11580.000   1.3736829e-12
       11590.000   1.3645784e-12
       11600.000   1.3460174e-12
       11610.000   1.2804783e-12
       11620.000   1.3588074e-12
       11630.000   1.3611232e-12
       11640.000   1.3045994e-12
       11650.000   1.3568554e-12
       11660.000   1.3563236e-12
       11670.000   1.3559203e-12
       11680.000   1.3488883e-12
       11690.000   1.3058640e-12
       11700.000   1.3351922e-12
       11710.000   1.3479151e-12
       11720.000   1.3459828e-12
       11730.000   1.3455465e-12
       11740.000   1.3455247e-12
       11750.000   1.3485470e-12
       11760.000   1.3441970e-12
       11770.000   1.3037903e-12
       11780.000   1.2895658e-12
       11790.000   1.3059019e-12
       11800.000   1.3025541e-12
       11810.000   1.3317687e-12
       11820.000   1.3250892e-12
       11830.000   1.1769577e-12
       11840.000   1.3044757e-12
       11850.000   1.3230072e-12
       11860.000   1.3252676e-12
       11870.000   1.3178253e-12
       11880.000   1.3088390e-12
       11890.000   1.2324740e-12
       11900.000   1.3065391e-12
       11910.000   1.3114922e-12
       11920.000   1.3148751e-12
       11930.000   1.3112310e-12
       11940.000   1.3047156e-12
       11950.000   1.2814763e-12
       11960.000   1.2844154e-12
       11970.000   1.2859057e-12
       11980.000   1.2198535e-12
       11990.000   1.2669221e-12
