       3000.0000   1.1886551e-14
       3010.0000   1.2221224e-14
       3020.0000   1.2562318e-14
       3030.0000   1.2909881e-14
       3040.0000   1.3263958e-14
       3050.0000   1.3624594e-14
       3060.0000   1.3991832e-14
       3070.0000   1.4365715e-14
       3080.0000   1.4746283e-14
       3090.0000   1.5133576e-14
       3100.0000   1.5527633e-14
       3110.0000   1.5928492e-14
       3120.0000   1.6336188e-14
       3130.0000   1.6750756e-14
       3140.0000   1.7172229e-14
       3150.0000   1.7600640e-14
       3160.0000   1.8036020e-14
       3170.0000   1.8478399e-14
       3180.0000   1.8927804e-14
       3190.0000   1.9384263e-14
       3200.0000   1.9847802e-14
       3210.0000   2.0318444e-14
       3220.0000   2.0796212e-14
       3230.0000   2.1281130e-14
       3240.0000   2.1773215e-14
       3250.0000   2.2272488e-14
       3260.0000   2.2778967e-14
       3270.0000   2.3292666e-14
       3280.0000   2.3813602e-14
       3290.0000   2.4341787e-14
       3300.0000   2.4877234e-14
       3310.0000   2.5419953e-14
       3320.0000   2.5969955e-14
       3330.0000   2.6527245e-14
       3340.0000   2.7091833e-14
       3350.0000   2.7663722e-14
       3360.0000   2.8242916e-14
       3370.0000   2.8829419e-14
       3380.0000   2.9423231e-14
       3390.0000   3.0024353e-14
       3400.0000   3.0632782e-14
       3410.0000   3.1248516e-14
       3420.0000   3.1871551e-14
       3430.0000   3.2501881e-14
       3440.0000   3.3139500e-14
       3450.0000   3.3784399e-14
       3460.0000   3.4436569e-14
       3470.0000   3.5095999e-14
       3480.0000   3.5762677e-14
       3490.0000   3.6436590e-14
       3500.0000   3.7117723e-14
       3510.0000   3.7806061e-14
       3520.0000   3.8501585e-14
       3530.0000   3.9204279e-14
       3540.0000   3.9914122e-14
       3550.0000   4.0631094e-14
       3560.0000   4.1355172e-14
       3570.0000   4.2086334e-14
       3580.0000   4.2824554e-14
       3590.0000   4.3569808e-14
       3600.0000   4.4322068e-14
       3610.0000   4.5081307e-14
       3620.0000   4.5847495e-14
       3630.0000   4.6620603e-14
       3640.0000   4.7400599e-14
       3650.0000   4.8187450e-14
       3660.0000   4.8981124e-14
       3670.0000   4.9781586e-14
       3680.0000   5.0588799e-14
       3690.0000   5.1402728e-14
       3700.0000   5.2223335e-14
       3710.0000   5.3050580e-14
       3720.0000   5.3884425e-14
       3730.0000   5.4724829e-14
       3740.0000   5.5571749e-14
       3750.0000   5.6425144e-14
       3760.0000   5.7284970e-14
       3770.0000   5.8151182e-14
       3780.0000   5.9023735e-14
       3790.0000   5.9902583e-14
       3800.0000   6.0787679e-14
       3810.0000   6.1678974e-14
       3820.0000   6.2576420e-14
       3830.0000  -8.6422467e-16
       3840.0000   3.4943824e-14
       3850.0000   3.4986506e-14
       3860.0000   2.8651827e-14
       3870.0000   3.5230737e-14
       3880.0000   3.9576338e-14
       3890.0000   3.7539454e-14
       3900.0000   4.1899488e-14
       3910.0000   4.6232148e-14
       3920.0000   4.2654985e-14
       3930.0000   3.5854328e-14
       3940.0000   3.7904400e-14
       3950.0000   3.8832281e-14
       3960.0000   3.4296545e-14
       3970.0000   4.2614548e-14
       3980.0000   5.9029703e-14
       3990.0000   6.1646397e-14
       4000.0000   6.5002041e-14
       4010.0000   7.1204531e-14
       4020.0000   6.5097673e-14
       4030.0000   5.8119633e-14
       4040.0000   6.5010193e-14
       4050.0000   7.6416457e-14
       4060.0000   7.6563705e-14
       4070.0000   7.3178510e-14
       4080.0000   8.2352197e-14
       4090.0000   8.6207476e-14
       4100.0000   8.0318580e-14
       4110.0000   7.4964537e-14
       4120.0000   7.6791661e-14
       4130.0000   8.4623431e-14
       4140.0000   8.5528194e-14
       4150.0000   8.4762802e-14
       4160.0000   8.7361748e-14
       4170.0000   8.5641792e-14
       4180.0000   8.1124048e-14
       4190.0000   8.1196636e-14
       4200.0000   7.9089193e-14
       4210.0000   7.1962565e-14
       4220.0000   5.0342880e-14
       4230.0000   4.5753018e-14
       4240.0000   6.5027589e-14
       4250.0000   6.7621882e-14
       4260.0000   7.1106237e-14
       4270.0000   7.2759988e-14
       4280.0000   7.3240642e-14
       4290.0000   7.9614640e-14
       4300.0000   7.5203685e-14
       4310.0000   8.2786682e-14
       4320.0000   9.5798815e-14
       4330.0000   9.6436132e-14
       4340.0000   1.0147644e-13
       4350.0000   1.0316647e-13
       4360.0000   1.0420139e-13
       4370.0000   1.0774500e-13
       4380.0000   9.7462399e-14
       4390.0000   1.0335976e-13
       4400.0000   1.1124270e-13
       4410.0000   1.1400075e-13
       4420.0000   1.2068696e-13
       4430.0000   1.1767916e-13
       4440.0000   1.2341715e-13
       4450.0000   1.2338089e-13
       4460.0000   1.2671185e-13
       4470.0000   1.4425391e-13
       4480.0000   1.5255028e-13
       4490.0000   1.5304248e-13
       4500.0000   1.5902487e-13
       4510.0000   1.6199127e-13
       4520.0000   1.5877593e-13
       4530.0000   1.5152737e-13
       4540.0000   1.5594341e-13
       4550.0000   1.6838707e-13
       4560.0000   1.8585089e-13
       4570.0000   1.9675443e-13
       4580.0000   1.8503170e-13
       4590.0000   1.8587146e-13
       4600.0000   1.9044248e-13
       4610.0000   1.9771702e-13
       4620.0000   1.9859925e-13
       4630.0000   1.8657991e-13
       4640.0000   1.8768546e-13
       4650.0000   1.9576051e-13
       4660.0000   2.0062259e-13
       4670.0000   1.9492044e-13
       4680.0000   1.9005878e-13
       4690.0000   1.9641238e-13
       4700.0000   2.0311815e-13
       4710.0000   2.0114705e-13
       4720.0000   2.0091668e-13
       4730.0000   2.0015073e-13
       4740.0000   1.9891931e-13
       4750.0000   2.0207880e-13
       4760.0000   1.7915071e-13
       4770.0000   1.5581771e-13
       4780.0000   1.5398003e-13
       4790.0000   1.6766829e-13
       4800.0000   1.7801487e-13
       4810.0000   1.7321122e-13
       4820.0000   1.7626758e-13
       4830.0000   1.8156641e-13
       4840.0000   1.8659496e-13
       4850.0000   1.8517465e-13
       4860.0000   1.8473676e-13
       4870.0000   1.8974025e-13
       4880.0000   1.9370087e-13
       4890.0000   2.0106608e-13
       4900.0000   2.1026775e-13
       4910.0000   2.1555341e-13
       4920.0000   2.2225593e-13
       4930.0000   2.2709966e-13
       4940.0000   2.3463920e-13
       4950.0000   2.2216543e-13
       4960.0000   1.8873608e-13
       4970.0000   1.8746989e-13
       4980.0000   1.9482485e-13
       4990.0000   1.9147879e-13
       5000.0000   1.8470458e-13
       5010.0000   1.8019879e-13
       5020.0000   1.8263805e-13
       5030.0000   1.8755013e-13
       5040.0000   1.9489330e-13
       5050.0000   1.9741448e-13
       5060.0000   1.9195121e-13
       5070.0000   1.8936275e-13
       5080.0000   1.9302818e-13
       5090.0000   1.9580161e-13
       5100.0000   1.9012457e-13
       5110.0000   1.9030125e-13
       5120.0000   1.9099193e-13
       5130.0000   1.9327090e-13
       5140.0000   2.0261364e-13
       5150.0000   1.9926041e-13
       5160.0000   1.9392461e-13
       5170.0000   1.6688432e-13
       5180.0000   1.5688022e-13
       5190.0000   1.8735340e-13
       5200.0000   1.8078995e-13
       5210.0000   1.9865442e-13
       5220.0000   2.4389980e-13
       5230.0000   2.5670164e-13
       5240.0000   2.5914904e-13
       5250.0000   2.5983818e-13
       5260.0000   2.4166891e-13
       5270.0000   2.3793281e-13
       5280.0000   2.6806683e-13
       5290.0000   2.7613041e-13
       5300.0000   2.8284389e-13
       5310.0000   2.9223677e-13
       5320.0000   2.8180306e-13
       5330.0000   2.7967847e-13
       5340.0000   2.8219999e-13
       5350.0000   2.9349616e-13
       5360.0000   3.0506339e-13
       5370.0000   3.0622626e-13
       5380.0000   3.2189442e-13
       5390.0000   3.2010979e-13
       5400.0000   3.0614542e-13
       5410.0000   3.1950501e-13
       5420.0000   3.3552149e-13
       5430.0000   3.2552157e-13
       5440.0000   3.1773115e-13
       5450.0000   2.9376256e-13
       5460.0000   2.7464026e-13
       5470.0000   2.8675702e-13
       5480.0000   3.0119201e-13
       5490.0000   3.1463599e-13
       5500.0000   3.0381217e-13
       5510.0000   2.8657253e-13
       5520.0000   2.9810548e-13
       5530.0000   3.1099973e-13
       5540.0000   3.1285029e-13
       5550.0000   3.2183646e-13
       5560.0000   3.1911960e-13
       5570.0000   3.0922795e-13
       5580.0000   3.0598667e-13
       5590.0000   2.9824919e-13
       5600.0000   2.9255524e-13
       5610.0000   3.0148257e-13
       5620.0000   3.1089787e-13
       5630.0000   3.1169634e-13
       5640.0000   3.1800114e-13
       5650.0000   3.3011137e-13
       5660.0000   3.3051507e-13
       5670.0000   3.2850891e-13
       5680.0000   3.3377970e-13
       5690.0000   3.4600284e-13
       5700.0000   3.5553885e-13
       5710.0000   3.6117720e-13
       5720.0000   3.6423753e-13
       5730.0000   3.6900821e-13
       5740.0000   3.8332895e-13
       5750.0000   3.9846210e-13
       5760.0000   3.8880863e-13
       5770.0000   3.7261854e-13
       5780.0000   3.7258560e-13
       5790.0000   3.8426661e-13
       5800.0000   4.0354736e-13
       5810.0000   3.9686401e-13
       5820.0000   3.7757140e-13
       5830.0000   3.7813568e-13
       5840.0000   3.7452048e-13
       5850.0000   3.5207034e-13
       5860.0000   3.3452578e-13
       5870.0000   3.1704030e-13
       5880.0000   2.6502927e-13
       5890.0000   1.8834635e-13
       5900.0000   2.0874999e-13
       5910.0000   2.8606621e-13
       5920.0000   3.0499637e-13
       5930.0000   3.1629908e-13
       5940.0000   3.3218762e-13
       5950.0000   3.3123041e-13
       5960.0000   3.2965341e-13
       5970.0000   3.3526066e-13
       5980.0000   3.4208706e-13
       5990.0000   3.6211924e-13
       6000.0000   3.6993280e-13
       6010.0000   3.6419244e-13
       6020.0000   3.8038646e-13
       6030.0000   3.9193135e-13
       6040.0000   4.0097875e-13
       6050.0000   4.1394159e-13
       6060.0000   4.0797361e-13
       6070.0000   4.0957673e-13
       6080.0000   4.1053947e-13
       6090.0000   4.1536667e-13
       6100.0000   4.1536957e-13
       6110.0000   4.1350888e-13
       6120.0000   4.0858811e-13
       6130.0000   4.0954920e-13
       6140.0000   4.3128656e-13
       6150.0000   4.0936273e-13
       6160.0000   3.2839547e-13
       6170.0000   3.0035979e-13
       6180.0000   3.2301717e-13
       6190.0000   3.1303890e-13
       6200.0000   3.1587652e-13
       6210.0000   3.0898935e-13
       6220.0000   2.7828763e-13
       6230.0000   2.6894364e-13
       6240.0000   2.7875694e-13
       6250.0000   2.9157314e-13
       6260.0000   3.1174770e-13
       6270.0000   3.2834710e-13
       6280.0000   3.4511285e-13
       6290.0000   3.5832329e-13
       6300.0000   3.7009812e-13
       6310.0000   3.9276701e-13
       6320.0000   4.1226477e-13
       6330.0000   4.2736717e-13
       6340.0000   4.4502215e-13
       6350.0000   4.4231553e-13
       6360.0000   4.2593189e-13
       6370.0000   4.1895735e-13
       6380.0000   3.9512019e-13
       6390.0000   3.9499088e-13
       6400.0000   4.3954756e-13
       6410.0000   4.6658533e-13
       6420.0000   4.7361912e-13
       6430.0000   4.6898438e-13
       6440.0000   4.7616890e-13
       6450.0000   4.9530346e-13
       6460.0000   5.0009278e-13
       6470.0000   5.0806309e-13
       6480.0000   5.1253143e-13
       6490.0000   4.9102688e-13
       6500.0000   5.0326164e-13
       6510.0000   5.3515493e-13
       6520.0000   5.4742677e-13
       6530.0000   5.6506045e-13
       6540.0000   5.6792180e-13
       6550.0000   5.4628430e-13
       6560.0000   5.2014209e-13
       6570.0000   5.1097476e-13
       6580.0000   5.2333627e-13
       6590.0000   5.2978753e-13
       6600.0000   5.2813279e-13
       6610.0000   5.2949705e-13
       6620.0000   5.1470117e-13
       6630.0000   5.0479929e-13
       6640.0000   5.0176270e-13
       6650.0000   4.7641919e-13
       6660.0000   4.6519775e-13
       6670.0000   4.7394369e-13
       6680.0000   4.4919171e-13
       6690.0000   4.2727115e-13
       6700.0000   4.4155236e-13
       6710.0000   4.2670895e-13
       6720.0000   4.0238957e-13
       6730.0000   4.0515952e-13
       6740.0000   4.0275556e-13
       6750.0000   3.9573986e-13
       6760.0000   4.0430173e-13
       6770.0000   4.1380398e-13
       6780.0000   3.9821753e-13
       6790.0000   3.8349026e-13
       6800.0000   3.8735000e-13
       6810.0000   3.9184825e-13
       6820.0000   3.8913894e-13
       6830.0000   3.8670352e-13
       6840.0000   3.8671884e-13
       6850.0000   3.8066799e-13
       6860.0000   3.7610898e-13
       6870.0000   3.8945708e-13
       6880.0000   3.9916676e-13
       6890.0000   4.0436957e-13
       6900.0000   4.1514212e-13
       6910.0000   4.1912381e-13
       6920.0000   4.4024691e-13
       6930.0000   4.7586249e-13
       6940.0000   5.0626064e-13
       6950.0000   5.1686623e-13
       6960.0000   5.1654173e-13
       6970.0000   5.1868181e-13
       6980.0000   5.2740361e-13
       6990.0000   5.3771831e-13
       7000.0000   5.4472786e-13
       7010.0000   5.6108298e-13
       7020.0000   5.7698738e-13
       7030.0000   6.0498578e-13
       7040.0000   6.4917724e-13
       7050.0000   6.2059149e-13
       7060.0000   5.5206757e-13
       7070.0000   5.5171955e-13
       7080.0000   5.4760704e-13
       7090.0000   5.0120359e-13
       7100.0000   4.9131583e-13
       7110.0000   5.1839214e-13
       7120.0000   5.0004768e-13
       7130.0000   4.4320054e-13
       7140.0000   4.2432415e-13
       7150.0000   4.5229710e-13
       7160.0000   4.7788779e-13
       7170.0000   4.8945695e-13
       7180.0000   5.0673695e-13
       7190.0000   5.1827757e-13
       7200.0000   5.0404731e-13
       7210.0000   5.0715570e-13
       7220.0000   5.3897988e-13
       7230.0000   5.5918670e-13
       7240.0000   5.7156132e-13
       7250.0000   5.8786842e-13
       7260.0000   6.0775790e-13
       7270.0000   6.1996956e-13
       7280.0000   6.3472923e-13
       7290.0000   6.4873778e-13
       7300.0000   6.5538121e-13
       7310.0000   6.6639305e-13
       7320.0000   6.7056277e-13
       7330.0000   6.8293643e-13
       7340.0000   6.9510748e-13
       7350.0000   6.9171100e-13
       7360.0000   6.9640368e-13
       7370.0000   7.0997023e-13
       7380.0000   7.2385893e-13
       7390.0000   7.2507159e-13
       7400.0000   7.2151195e-13
       7410.0000   7.2519626e-13
       7420.0000   7.3261566e-13
       7430.0000   7.3947275e-13
       7440.0000   7.3670032e-13
       7450.0000   7.4111942e-13
       7460.0000   7.4334713e-13
       7470.0000   7.4275399e-13
       7480.0000   7.4878311e-13
       7490.0000   7.4800174e-13
       7500.0000   7.5204646e-13
       7510.0000   7.6000048e-13
       7520.0000   7.6387603e-13
       7530.0000   7.6697950e-13
       7540.0000   7.7015822e-13
       7550.0000   7.7325133e-13
       7560.0000   7.7642006e-13
       7570.0000   7.7926015e-13
       7580.0000   7.7433635e-13
       7590.0000   7.5245869e-13
       7600.0000   7.3016666e-13
       7610.0000   7.3278794e-13
       7620.0000   7.3962612e-13
       7630.0000   7.2529069e-13
       7640.0000   7.1371128e-13
       7650.0000   7.1577095e-13
       7660.0000   6.6220367e-13
       7670.0000   6.3038069e-13
       7680.0000   6.6082756e-13
       7690.0000   6.5220270e-13
       7700.0000   6.4568660e-13
       7710.0000   6.6413956e-13
       7720.0000   6.7866531e-13
       7730.0000   6.9410143e-13
       7740.0000   6.9484340e-13
       7750.0000   6.7885593e-13
       7760.0000   6.7110834e-13
       7770.0000   6.8100456e-13
       7780.0000   6.8155572e-13
       7790.0000   6.7672635e-13
       7800.0000   6.9619989e-13
       7810.0000   7.1198337e-13
       7820.0000   7.0660281e-13
       7830.0000   6.9341530e-13
       7840.0000   6.9682227e-13
       7850.0000   7.0808481e-13
       7860.0000   7.1229699e-13
       7870.0000   7.1624701e-13
       7880.0000   7.2670767e-13
       7890.0000   7.3612448e-13
       7900.0000   7.3323273e-13
       7910.0000   7.2470169e-13
       7920.0000   7.2793737e-13
       7930.0000   7.3692430e-13
       7940.0000   7.3598159e-13
       7950.0000   7.4295606e-13
       7960.0000   7.5155110e-13
       7970.0000   7.5803787e-13
       7980.0000   7.6328945e-13
       7990.0000   7.5817612e-13
       8000.0000   7.5933396e-13
       8010.0000   7.6843520e-13
       8020.0000   7.7114012e-13
       8030.0000   7.7350073e-13
       8040.0000   7.7356120e-13
       8050.0000   7.8175062e-13
       8060.0000   7.9402865e-13
       8070.0000   7.9401298e-13
       8080.0000   7.9554875e-13
       8090.0000   7.9602181e-13
       8100.0000   8.0105423e-13
       8110.0000   8.0180827e-13
       8120.0000   8.0227982e-13
       8130.0000   8.0733753e-13
       8140.0000   8.0298917e-13
       8150.0000   7.9828511e-13
       8160.0000   7.9550502e-13
       8170.0000   7.9495147e-13
       8180.0000   7.6060592e-13
       8190.0000   7.0941637e-13
       8200.0000   7.4313162e-13
       8210.0000   7.9162489e-13
       8220.0000   7.9277398e-13
       8230.0000   7.9719922e-13
       8240.0000   8.1158036e-13
       8250.0000   8.1341586e-13
       8260.0000   8.1339183e-13
       8270.0000   8.0728166e-13
       8280.0000   7.8842618e-13
       8290.0000   7.8592377e-13
       8300.0000   7.8251360e-13
       8310.0000   7.8293187e-13
       8320.0000   7.7728394e-13
       8330.0000   7.7434965e-13
       8340.0000   7.8693821e-13
       8350.0000   7.8974010e-13
       8360.0000   7.8245505e-13
       8370.0000   7.7534973e-13
       8380.0000   7.5654147e-13
       8390.0000   7.6067774e-13
       8400.0000   7.8387800e-13
       8410.0000   7.7645498e-13
       8420.0000   7.6483981e-13
       8430.0000   7.4138531e-13
       8440.0000   7.4450057e-13
       8450.0000   7.6860002e-13
       8460.0000   7.5551472e-13
       8470.0000   7.4658218e-13
       8480.0000   7.5547392e-13
       8490.0000   7.3662298e-13
       8500.0000   7.3049920e-13
       8510.0000   7.3957162e-13
       8520.0000   7.4219715e-13
       8530.0000   7.3881327e-13
       8540.0000   6.8978543e-13
       8550.0000   7.0562398e-13
       8560.0000   7.6221437e-13
       8570.0000   7.6929080e-13
       8580.0000   7.7235324e-13
       8590.0000   7.7084242e-13
       8600.0000   7.7570246e-13
       8610.0000   7.7807252e-13
       8620.0000   7.7399525e-13
       8630.0000   7.6932565e-13
       8640.0000   7.6915196e-13
       8650.0000   7.6239107e-13
       8660.0000   7.1753834e-13
       8670.0000   7.1951441e-13
       8680.0000   7.4467482e-13
       8690.0000   7.4156718e-13
       8700.0000   7.5741982e-13
       8710.0000   7.6532318e-13
       8720.0000   7.6750336e-13
       8730.0000   7.6086784e-13
       8740.0000   7.6214284e-13
       8750.0000   7.7837848e-13
       8760.0000   7.7912646e-13
       8770.0000   7.7507139e-13
       8780.0000   7.7939175e-13
       8790.0000   7.7980937e-13
       8800.0000   7.5264089e-13
       8810.0000   7.5902096e-13
       8820.0000   7.7628069e-13
       8830.0000   7.7379531e-13
       8840.0000   7.8033613e-13
       8850.0000   7.7904896e-13
       8860.0000   7.7092704e-13
       8870.0000   7.5587734e-13
       8880.0000   7.7156951e-13
       8890.0000   7.7949080e-13
       8900.0000   7.7453527e-13
       8910.0000   7.8542288e-13
       8920.0000   7.8937388e-13
       8930.0000   7.8636357e-13
       8940.0000   7.7664917e-13
       8950.0000   7.7239785e-13
       8960.0000   7.6400212e-13
       8970.0000   7.5051224e-13
       8980.0000   7.4292275e-13
       8990.0000   7.4428384e-13
       9000.0000   7.4787717e-13
       9010.0000   7.4500951e-13
       9020.0000   7.4813900e-13
       9030.0000   7.8431572e-13
       9040.0000   8.1459921e-13
       9050.0000   8.1779023e-13
       9060.0000   8.0098621e-13
       9070.0000   7.6859530e-13
       9080.0000   7.4889966e-13
       9090.0000   7.5105817e-13
       9100.0000   7.6085890e-13
       9110.0000   7.7561098e-13
       9120.0000   7.9200754e-13
       9130.0000   7.7195773e-13
       9140.0000   7.7654590e-13
       9150.0000   7.7193519e-13
       9160.0000   7.6872575e-13
       9170.0000   7.7367238e-13
       9180.0000   7.7511920e-13
       9190.0000   8.1941274e-13
       9200.0000   7.7761538e-13
       9210.0000   7.7058225e-13
       9220.0000   7.7088493e-13
       9230.0000   7.4709752e-13
       9240.0000   7.6152673e-13
       9250.0000   7.6077107e-13
       9260.0000   7.5308031e-13
       9270.0000   7.5464289e-13
       9280.0000   7.5517035e-13
       9290.0000   7.5014931e-13
       9300.0000   7.5898338e-13
       9310.0000   7.6334750e-13
       9320.0000   7.5268991e-13
       9330.0000   7.5934219e-13
       9340.0000   7.7361211e-13
       9350.0000   7.6339348e-13
       9360.0000   7.4871761e-13
       9370.0000   7.5067377e-13
       9380.0000   7.6171640e-13
       9390.0000   7.4825445e-13
       9400.0000   7.4192508e-13
       9410.0000   7.4538928e-13
       9420.0000   7.4186743e-13
       9430.0000   7.5694988e-13
       9440.0000   7.4992165e-13
       9450.0000   7.4131880e-13
       9460.0000   7.4576940e-13
       9470.0000   7.5535840e-13
       9480.0000   7.5037757e-13
       9490.0000   7.5282697e-13
       9500.0000   7.4830822e-13
       9510.0000   7.4724659e-13
       9520.0000   7.5151516e-13
       9530.0000   7.6304123e-13
       9540.0000   7.4746645e-13
       9550.0000   7.1279175e-13
       9560.0000   7.5223943e-13
       9570.0000   7.5090068e-13
       9580.0000   7.4211314e-13
       9590.0000   7.4261388e-13
       9600.0000   7.1703347e-13
       9610.0000   7.4268459e-13
       9620.0000   7.4140976e-13
       9630.0000   7.4308873e-13
       9640.0000   6.8395045e-13
       9650.0000   7.0855807e-13
       9660.0000   7.2934773e-13
       9670.0000   7.2992826e-13
       9680.0000   6.9604781e-13
       9690.0000   7.1205553e-13
       9700.0000   7.3571096e-13
       9710.0000   6.9820860e-13
       9720.0000   7.2606836e-13
       9730.0000   6.9149811e-13
       9740.0000   7.2091179e-13
       9750.0000   7.1653910e-13
       9760.0000   7.3841811e-13
       9770.0000   7.1927850e-13
       9780.0000   7.3169296e-13
       9790.0000   6.9261397e-13
       9800.0000   7.4145859e-13
       9810.0000   7.4204534e-13
       9820.0000   7.3239441e-13
       9830.0000   7.3437323e-13
       9840.0000   7.4282607e-13
       9850.0000   7.4229380e-13
       9860.0000   7.3982368e-13
       9870.0000   7.4567030e-13
       9880.0000   7.4926159e-13
       9890.0000   7.4426958e-13
       9900.0000   7.1626746e-13
       9910.0000   6.8828664e-13
       9920.0000   6.7931481e-13
       9930.0000   6.9542428e-13
       9940.0000   7.0574297e-13
       9950.0000   7.1798527e-13
       9960.0000   7.0467557e-13
       9970.0000   7.0703158e-13
       9980.0000   7.0256178e-13
       9990.0000   6.9557481e-13
       10000.000   6.9554274e-13
       10010.000   6.9613398e-13
       10020.000   7.1136800e-13
       10030.000   7.0814939e-13
       10040.000   6.9516996e-13
       10050.000   7.0356425e-13
       10060.000   6.8118444e-13
       10070.000   7.0175854e-13
       10080.000   7.0887878e-13
       10090.000   6.9586842e-13
       10100.000   7.0589357e-13
       10110.000   7.0028740e-13
       10120.000   6.8907667e-13
       10130.000   6.9992361e-13
       10140.000   6.8766470e-13
       10150.000   6.8545615e-13
       10160.000   6.9068120e-13
       10170.000   6.9272465e-13
       10180.000   6.9673756e-13
       10190.000   6.8948449e-13
       10200.000   6.9558638e-13
       10210.000   7.0104077e-13
       10220.000   6.7716443e-13
       10230.000   6.9019960e-13
       10240.000   6.9733721e-13
       10250.000   6.9129416e-13
       10260.000   6.8426067e-13
       10270.000   6.8875003e-13
       10280.000   6.8380249e-13
       10290.000   6.8789120e-13
       10300.000   6.8481267e-13
       10310.000   6.9302129e-13
       10320.000   6.8568542e-13
       10330.000   6.8719190e-13
       10340.000   6.7272677e-13
       10350.000   6.4024105e-13
       10360.000   6.8339676e-13
       10370.000   6.9311124e-13
       10380.000   6.8204192e-13
       10390.000   6.8678625e-13
       10400.000   6.5155781e-13
       10410.000   6.9242002e-13
       10420.000   6.8439172e-13
       10430.000   6.7282743e-13
       10440.000   6.8516987e-13
       10450.000   6.8459978e-13
       10460.000   6.8273228e-13
       10470.000   6.7402040e-13
       10480.000   6.8082495e-13
       10490.000   6.7939897e-13
       10500.000   6.5479427e-13
       10510.000   6.8062827e-13
       10520.000   6.6997385e-13
       10530.000   6.8450769e-13
       10540.000   6.7990285e-13
       10550.000   6.8021133e-13
       10560.000   6.6823294e-13
       10570.000   6.6953441e-13
       10580.000   6.7553684e-13
       10590.000   6.5538686e-13
       10600.000   6.7480964e-13
       10610.000   6.5898340e-13
       10620.000   6.6972273e-13
       10630.000   6.7364504e-13
       10640.000   6.7400886e-13
       10650.000   6.7003609e-13
       10660.000   6.6299737e-13
       10670.000   6.6180654e-13
       10680.000   6.6032770e-13
       10690.000   6.5787627e-13
       10700.000   6.7036542e-13
       10710.000   6.6253860e-13
       10720.000   6.6703187e-13
       10730.000   6.4347877e-13
       10740.000   6.6864707e-13
       10750.000   6.5944252e-13
       10760.000   6.6291671e-13
       10770.000   6.6412182e-13
       10780.000   6.5315270e-13
       10790.000   6.5556523e-13
       10800.000   6.5942467e-13
       10810.000   6.5595150e-13
       10820.000   6.5598905e-13
       10830.000   6.3896073e-13
       10840.000   6.4538670e-13
       10850.000   6.5271005e-13
       10860.000   6.5676839e-13
       10870.000   6.4920777e-13
       10880.000   6.5513086e-13
       10890.000   6.5222904e-13
       10900.000   6.5145299e-13
       10910.000   6.4558378e-13
       10920.000   6.4871866e-13
       10930.000   6.5594647e-13
       10940.000   6.6374596e-13
       10950.000   6.5865878e-13
       10960.000   6.5359685e-13
       10970.000   6.4305755e-13
       10980.000   6.3949449e-13
       10990.000   6.4164804e-13
       11000.000   6.4275779e-13
       11010.000   6.4406362e-13
       11020.000   6.3848010e-13
       11030.000   6.4501454e-13
       11040.000   6.4546726e-13
       11050.000   6.4180799e-13
       11060.000   6.3795010e-13
       11070.000   6.3444057e-13
       11080.000   6.4083407e-13
       11090.000   6.4422116e-13
       11100.000   6.4376479e-13
       11110.000   6.4146682e-13
       11120.000   6.3469165e-13
       11130.000   6.4362629e-13
       11140.000   6.3628725e-13
       11150.000   6.4316229e-13
       11160.000   6.3205057e-13
       11170.000   6.4653433e-13
       11180.000   6.4610566e-13
       11190.000   6.4626443e-13
       11200.000   6.4132822e-13
       11210.000   6.4277844e-13
       11220.000   6.4608653e-13
       11230.000   6.4036953e-13
       11240.000   6.3240791e-13
       11250.000   6.3394473e-13
       11260.000   6.1363273e-13
       11270.000   6.3973864e-13
       11280.000   6.3379882e-13
       11290.000   6.2370382e-13
       11300.000   6.2021401e-13
       11310.000   6.2676450e-13
       11320.000   6.2931505e-13
       11330.000   6.3192350e-13
       11340.000   6.3267567e-13
       11350.000   6.2900775e-13
       11360.000   6.3564774e-13
       11370.000   6.2356563e-13
       11380.000   5.7984421e-13
       11390.000   5.9522041e-13
       11400.000   6.0059146e-13
       11410.000   5.4836309e-13
       11420.000   6.2039888e-13
       11430.000   6.1504147e-13
       11440.000   6.1137977e-13
       11450.000   6.2451090e-13
       11460.000   6.2310936e-13
       11470.000   6.2050798e-13
       11480.000   6.1522411e-13
       11490.000   6.0585667e-13
       11500.000   6.1608601e-13
       11510.000   6.1760310e-13
       11520.000   6.1693377e-13
       11530.000   6.1022333e-13
       11540.000   6.1334988e-13
       11550.000   6.1101985e-13
       11560.000   6.1059755e-13
       11570.000   6.0855182e-13
       11580.000   6.0929878e-13
       11590.000   6.1260495e-13
       11600.000   5.9761721e-13
       11610.000   5.7640168e-13
       11620.000   6.0373236e-13
       11630.000   6.0383874e-13
       11640.000   5.8281882e-13
       11650.000   6.0463157e-13
       11660.000   5.9585717e-13
       11670.000   5.9873855e-13
       11680.000   5.9746240e-13
       11690.000   5.7799764e-13
       11700.000   5.9556437e-13
       11710.000   5.9707965e-13
       11720.000   5.9632337e-13
       11730.000   5.9698388e-13
       11740.000   5.9700138e-13
       11750.000   5.9599817e-13
       11760.000   5.8439507e-13
       11770.000   5.7824640e-13
       11780.000   5.6961199e-13
       11790.000   5.8261334e-13
       11800.000   5.7997085e-13
       11810.000   5.9027598e-13
       11820.000   5.8761117e-13
       11830.000   5.2784469e-13
       11840.000   5.7896928e-13
       11850.000   5.8345687e-13
       11860.000   5.8512802e-13
       11870.000   5.8331769e-13
       11880.000   5.7867459e-13
       11890.000   5.5421680e-13
       11900.000   5.7501859e-13
       11910.000   5.8010166e-13
       11920.000   5.8082012e-13
       11930.000   5.7876873e-13
       11940.000   5.7604705e-13
       11950.000   5.6379774e-13
       11960.000   5.6690222e-13
       11970.000   5.6484263e-13
       11980.000   5.3625831e-13
       11990.000   5.6234052e-13
