       3000.0000   4.8959446e-15
       3010.0000   5.0446034e-15
       3020.0000   5.1964606e-15
       3030.0000   5.3515489e-15
       3040.0000   5.5099006e-15
       3050.0000   5.6715473e-15
       3060.0000   5.8365205e-15
       3070.0000   6.0048510e-15
       3080.0000   6.1765691e-15
       3090.0000   6.3517048e-15
       3100.0000   6.5302874e-15
       3110.0000   6.7123458e-15
       3120.0000   6.8979083e-15
       3130.0000   7.0870028e-15
       3140.0000   7.2796566e-15
       3150.0000   7.4758963e-15
       3160.0000   7.6757480e-15
       3170.0000   7.8792375e-15
       3180.0000   8.0863897e-15
       3190.0000   8.2972289e-15
       3200.0000   8.5117791e-15
       3210.0000   8.7300634e-15
       3220.0000   8.9521044e-15
       3230.0000   9.1779241e-15
       3240.0000   9.4075439e-15
       3250.0000   9.6409845e-15
       3260.0000   9.8782659e-15
       3270.0000   1.0119408e-14
       3280.0000   1.0364428e-14
       3290.0000   1.0613346e-14
       3300.0000   1.0866179e-14
       3310.0000   1.1122943e-14
       3320.0000   1.1383654e-14
       3330.0000   1.1648329e-14
       3340.0000   1.1916981e-14
       3350.0000   1.2189626e-14
       3360.0000   1.2466275e-14
       3370.0000   1.2746943e-14
       3380.0000   1.3031640e-14
       3390.0000   1.3320379e-14
       3400.0000   1.3613170e-14
       3410.0000   1.3910023e-14
       3420.0000   1.4210946e-14
       3430.0000   1.4515950e-14
       3440.0000   1.4825041e-14
       3450.0000   1.5138226e-14
       3460.0000   1.5455513e-14
       3470.0000   1.5776906e-14
       3480.0000   1.6102412e-14
       3490.0000   1.6432033e-14
       3500.0000   1.6765774e-14
       3510.0000   1.7103638e-14
       3520.0000   1.7445626e-14
       3530.0000   1.7791741e-14
       3540.0000   1.8141984e-14
       3550.0000   1.8496353e-14
       3560.0000   1.8854850e-14
       3570.0000   1.9217472e-14
       3580.0000   1.9584217e-14
       3590.0000   1.9955084e-14
       3600.0000   2.0330068e-14
       3610.0000   2.0709166e-14
       3620.0000   2.1092373e-14
       3630.0000   2.1479684e-14
       3640.0000   2.1871093e-14
       3650.0000   2.2266593e-14
       3660.0000   2.2666177e-14
       3670.0000   2.3069836e-14
       3680.0000   2.3477563e-14
       3690.0000   2.3889348e-14
       3700.0000   2.4305180e-14
       3710.0000   2.4725051e-14
       3720.0000   2.5148948e-14
       3730.0000   2.5576859e-14
       3740.0000   2.6008773e-14
       3750.0000   2.6444676e-14
       3760.0000   2.6884554e-14
       3770.0000   2.7328394e-14
       3780.0000   2.7776180e-14
       3790.0000   2.8227898e-14
       3800.0000   2.8683530e-14
       3810.0000   2.9143061e-14
       3820.0000   2.9606474e-14
       3830.0000   5.5383607e-15
       3840.0000   2.1776186e-14
       3850.0000   1.7729680e-14
       3860.0000   2.0103225e-14
       3870.0000   2.2120277e-14
       3880.0000   1.8747968e-14
       3890.0000   2.0907614e-14
       3900.0000   2.2157947e-14
       3910.0000   2.0856544e-14
       3920.0000   1.8276566e-14
       3930.0000   1.5460102e-14
       3940.0000   1.7695270e-14
       3950.0000   1.9240103e-14
       3960.0000   2.0604251e-14
       3970.0000   2.2727584e-14
       3980.0000   2.4764518e-14
       3990.0000   2.9352939e-14
       4000.0000   3.1745810e-14
       4010.0000   3.2082738e-14
       4020.0000   3.3352436e-14
       4030.0000   3.0088754e-14
       4040.0000   2.8171106e-14
       4050.0000   3.1539593e-14
       4060.0000   3.0691492e-14
       4070.0000   2.6773740e-14
       4080.0000   3.0451250e-14
       4090.0000   3.5214654e-14
       4100.0000   3.4846233e-14
       4110.0000   3.3538477e-14
       4120.0000   3.2834166e-14
       4130.0000   3.0762689e-14
       4140.0000   2.8374758e-14
       4150.0000   3.1064658e-14
       4160.0000   3.4508641e-14
       4170.0000   3.5747117e-14
       4180.0000   3.3590220e-14
       4190.0000   3.1910025e-14
       4200.0000   3.1397855e-14
       4210.0000   2.7875777e-14
       4220.0000   1.9813749e-14
       4230.0000   1.6757805e-14
       4240.0000   2.3138207e-14
       4250.0000   2.5170494e-14
       4260.0000   2.7964545e-14
       4270.0000   3.1210431e-14
       4280.0000   2.8194962e-14
       4290.0000   2.7723637e-14
       4300.0000   2.8743086e-14
       4310.0000   3.1082311e-14
       4320.0000   3.5519773e-14
       4330.0000   3.7533276e-14
       4340.0000   3.8618734e-14
       4350.0000   3.6260703e-14
       4360.0000   3.5304769e-14
       4370.0000   3.8917694e-14
       4380.0000   3.8049097e-14
       4390.0000   3.8446716e-14
       4400.0000   4.1222900e-14
       4410.0000   4.2486536e-14
       4420.0000   4.3148331e-14
       4430.0000   4.4368871e-14
       4440.0000   4.9246710e-14
       4450.0000   5.0095478e-14
       4460.0000   5.0615285e-14
       4470.0000   5.7316406e-14
       4480.0000   6.0261295e-14
       4490.0000   6.0054384e-14
       4500.0000   6.2435279e-14
       4510.0000   6.3608810e-14
       4520.0000   6.1310713e-14
       4530.0000   6.0455949e-14
       4540.0000   6.4155701e-14
       4550.0000   6.8214413e-14
       4560.0000   7.4512384e-14
       4570.0000   7.8207637e-14
       4580.0000   7.2457037e-14
       4590.0000   7.0898692e-14
       4600.0000   7.4030819e-14
       4610.0000   7.8764295e-14
       4620.0000   8.1701775e-14
       4630.0000   7.6929929e-14
       4640.0000   7.3687334e-14
       4650.0000   7.5518165e-14
       4660.0000   7.8134784e-14
       4670.0000   7.5204138e-14
       4680.0000   7.3350688e-14
       4690.0000   7.6351357e-14
       4700.0000   7.8072800e-14
       4710.0000   7.8059929e-14
       4720.0000   7.7562066e-14
       4730.0000   7.9893268e-14
       4740.0000   8.3135030e-14
       4750.0000   8.3359925e-14
       4760.0000   7.1791392e-14
       4770.0000   6.1300367e-14
       4780.0000   6.2251356e-14
       4790.0000   6.7328466e-14
       4800.0000   7.0688869e-14
       4810.0000   7.0909943e-14
       4820.0000   7.1024852e-14
       4830.0000   7.2132232e-14
       4840.0000   7.4847197e-14
       4850.0000   7.2983865e-14
       4860.0000   7.2244807e-14
       4870.0000   7.4936940e-14
       4880.0000   7.7448775e-14
       4890.0000   7.9785201e-14
       4900.0000   8.4679330e-14
       4910.0000   9.0264849e-14
       4920.0000   9.5401201e-14
       4930.0000   9.9557491e-14
       4940.0000   1.0420554e-13
       4950.0000   9.3589046e-14
       4960.0000   7.3278374e-14
       4970.0000   7.3690244e-14
       4980.0000   7.9859466e-14
       4990.0000   8.0949007e-14
       5000.0000   7.6214269e-14
       5010.0000   7.1130655e-14
       5020.0000   7.4012173e-14
       5030.0000   7.8075841e-14
       5040.0000   8.2568530e-14
       5050.0000   8.3172062e-14
       5060.0000   8.1757577e-14
       5070.0000   8.2622693e-14
       5080.0000   8.4756168e-14
       5090.0000   8.5923776e-14
       5100.0000   8.4533720e-14
       5110.0000   8.6214295e-14
       5120.0000   8.5149486e-14
       5130.0000   8.4955990e-14
       5140.0000   8.8952733e-14
       5150.0000   8.8288659e-14
       5160.0000   8.4831523e-14
       5170.0000   6.9955748e-14
       5180.0000   6.4206846e-14
       5190.0000   7.6846143e-14
       5200.0000   7.4729049e-14
       5210.0000   8.3827610e-14
       5220.0000   1.0340575e-13
       5230.0000   1.1286544e-13
       5240.0000   1.1262787e-13
       5250.0000   1.0833974e-13
       5260.0000   1.0213478e-13
       5270.0000   1.0263686e-13
       5280.0000   1.1614550e-13
       5290.0000   1.1968589e-13
       5300.0000   1.2347681e-13
       5310.0000   1.2702786e-13
       5320.0000   1.2191004e-13
       5330.0000   1.2164822e-13
       5340.0000   1.2435713e-13
       5350.0000   1.2929584e-13
       5360.0000   1.3406260e-13
       5370.0000   1.3498512e-13
       5380.0000   1.4136954e-13
       5390.0000   1.4174081e-13
       5400.0000   1.3752052e-13
       5410.0000   1.4223786e-13
       5420.0000   1.4807185e-13
       5430.0000   1.4670515e-13
       5440.0000   1.4219763e-13
       5450.0000   1.2175470e-13
       5460.0000   1.0904956e-13
       5470.0000   1.1839157e-13
       5480.0000   1.2719073e-13
       5490.0000   1.3001087e-13
       5500.0000   1.1855656e-13
       5510.0000   1.1040947e-13
       5520.0000   1.1574756e-13
       5530.0000   1.1799660e-13
       5540.0000   1.1779941e-13
       5550.0000   1.2169330e-13
       5560.0000   1.2471197e-13
       5570.0000   1.2670664e-13
       5580.0000   1.2765621e-13
       5590.0000   1.2576368e-13
       5600.0000   1.2184054e-13
       5610.0000   1.2064570e-13
       5620.0000   1.2277296e-13
       5630.0000   1.2401628e-13
       5640.0000   1.2474672e-13
       5650.0000   1.3222215e-13
       5660.0000   1.3423889e-13
       5670.0000   1.3166498e-13
       5680.0000   1.3406211e-13
       5690.0000   1.3849140e-13
       5700.0000   1.4477173e-13
       5710.0000   1.4972289e-13
       5720.0000   1.5135398e-13
       5730.0000   1.5267607e-13
       5740.0000   1.5807480e-13
       5750.0000   1.6426435e-13
       5760.0000   1.5765709e-13
       5770.0000   1.4840249e-13
       5780.0000   1.5389177e-13
       5790.0000   1.6260755e-13
       5800.0000   1.7172051e-13
       5810.0000   1.6409639e-13
       5820.0000   1.4795285e-13
       5830.0000   1.4865350e-13
       5840.0000   1.5059777e-13
       5850.0000   1.3782274e-13
       5860.0000   1.2476337e-13
       5870.0000   1.1537107e-13
       5880.0000   9.0181063e-14
       5890.0000   6.2821956e-14
       5900.0000   7.0605488e-14
       5910.0000   9.7025253e-14
       5920.0000   1.0607976e-13
       5930.0000   1.1240124e-13
       5940.0000   1.2148193e-13
       5950.0000   1.2021869e-13
       5960.0000   1.1786142e-13
       5970.0000   1.1999302e-13
       5980.0000   1.2569514e-13
       5990.0000   1.3615709e-13
       6000.0000   1.3805279e-13
       6010.0000   1.4012920e-13
       6020.0000   1.4571067e-13
       6030.0000   1.4671650e-13
       6040.0000   1.5302437e-13
       6050.0000   1.5958988e-13
       6060.0000   1.5973659e-13
       6070.0000   1.6195374e-13
       6080.0000   1.6385395e-13
       6090.0000   1.6840866e-13
       6100.0000   1.6743857e-13
       6110.0000   1.6305155e-13
       6120.0000   1.6181281e-13
       6130.0000   1.6514305e-13
       6140.0000   1.7476654e-13
       6150.0000   1.6195738e-13
       6160.0000   1.2441187e-13
       6170.0000   1.0934703e-13
       6180.0000   1.1276840e-13
       6190.0000   1.0354315e-13
       6200.0000   1.0546369e-13
       6210.0000   1.0458713e-13
       6220.0000   9.3360154e-14
       6230.0000   9.2921832e-14
       6240.0000   9.7781290e-14
       6250.0000   1.0446020e-13
       6260.0000   1.1462055e-13
       6270.0000   1.2102993e-13
       6280.0000   1.2579873e-13
       6290.0000   1.3396406e-13
       6300.0000   1.4373743e-13
       6310.0000   1.5738316e-13
       6320.0000   1.6623674e-13
       6330.0000   1.7243861e-13
       6340.0000   1.8387309e-13
       6350.0000   1.8349155e-13
       6360.0000   1.7354445e-13
       6370.0000   1.6961671e-13
       6380.0000   1.5986661e-13
       6390.0000   1.6230984e-13
       6400.0000   1.8457997e-13
       6410.0000   1.9651403e-13
       6420.0000   1.9865597e-13
       6430.0000   1.9951206e-13
       6440.0000   2.0647160e-13
       6450.0000   2.1611459e-13
       6460.0000   2.1834915e-13
       6470.0000   2.2668191e-13
       6480.0000   2.3005770e-13
       6490.0000   2.2012538e-13
       6500.0000   2.2905528e-13
       6510.0000   2.4311628e-13
       6520.0000   2.5067140e-13
       6530.0000   2.6446452e-13
       6540.0000   2.6641742e-13
       6550.0000   2.5269114e-13
       6560.0000   2.3965154e-13
       6570.0000   2.3038557e-13
       6580.0000   2.3237455e-13
       6590.0000   2.3682430e-13
       6600.0000   2.3461401e-13
       6610.0000   2.3339491e-13
       6620.0000   2.2219468e-13
       6630.0000   2.1292396e-13
       6640.0000   2.1448635e-13
       6650.0000   2.0027896e-13
       6660.0000   1.9160591e-13
       6670.0000   1.9750599e-13
       6680.0000   1.8292722e-13
       6690.0000   1.7132804e-13
       6700.0000   1.7795569e-13
       6710.0000   1.7090310e-13
       6720.0000   1.5806287e-13
       6730.0000   1.5877194e-13
       6740.0000   1.6123568e-13
       6750.0000   1.5949232e-13
       6760.0000   1.6116758e-13
       6770.0000   1.6741051e-13
       6780.0000   1.6122063e-13
       6790.0000   1.5295915e-13
       6800.0000   1.5525687e-13
       6810.0000   1.5664001e-13
       6820.0000   1.5765638e-13
       6830.0000   1.5986954e-13
       6840.0000   1.6013079e-13
       6850.0000   1.5664544e-13
       6860.0000   1.5494997e-13
       6870.0000   1.6122595e-13
       6880.0000   1.6545173e-13
       6890.0000   1.6892617e-13
       6900.0000   1.7425947e-13
       6910.0000   1.7841665e-13
       6920.0000   1.8970576e-13
       6930.0000   2.0702932e-13
       6940.0000   2.2662744e-13
       6950.0000   2.3431254e-13
       6960.0000   2.3335007e-13
       6970.0000   2.3741129e-13
       6980.0000   2.4422138e-13
       6990.0000   2.4841319e-13
       7000.0000   2.5248158e-13
       7010.0000   2.6513558e-13
       7020.0000   2.7518610e-13
       7030.0000   2.9367949e-13
       7040.0000   3.2585150e-13
       7050.0000   3.0282774e-13
       7060.0000   2.5235597e-13
       7070.0000   2.5112649e-13
       7080.0000   2.4907134e-13
       7090.0000   2.1763946e-13
       7100.0000   2.0856939e-13
       7110.0000   2.2736150e-13
       7120.0000   2.1856072e-13
       7130.0000   1.8421829e-13
       7140.0000   1.7440207e-13
       7150.0000   1.9212632e-13
       7160.0000   2.0320952e-13
       7170.0000   2.0797958e-13
       7180.0000   2.2251465e-13
       7190.0000   2.3138078e-13
       7200.0000   2.2267944e-13
       7210.0000   2.2422840e-13
       7220.0000   2.4229389e-13
       7230.0000   2.5489503e-13
       7240.0000   2.6068247e-13
       7250.0000   2.7157185e-13
       7260.0000   2.8841795e-13
       7270.0000   2.9554891e-13
       7280.0000   3.0307328e-13
       7290.0000   3.1416660e-13
       7300.0000   3.2238446e-13
       7310.0000   3.3419605e-13
       7320.0000   3.3878161e-13
       7330.0000   3.4610053e-13
       7340.0000   3.5406927e-13
       7350.0000   3.5339664e-13
       7360.0000   3.5922110e-13
       7370.0000   3.6973850e-13
       7380.0000   3.7836102e-13
       7390.0000   3.8194134e-13
       7400.0000   3.8398415e-13
       7410.0000   3.8546838e-13
       7420.0000   3.8852737e-13
       7430.0000   3.9156864e-13
       7440.0000   3.9069739e-13
       7450.0000   3.9448747e-13
       7460.0000   3.9714842e-13
       7470.0000   4.0039993e-13
       7480.0000   4.0401431e-13
       7490.0000   4.0328595e-13
       7500.0000   4.0796528e-13
       7510.0000   4.1516803e-13
       7520.0000   4.1664288e-13
       7530.0000   4.1871098e-13
       7540.0000   4.2500978e-13
       7550.0000   4.2704782e-13
       7560.0000   4.2330797e-13
       7570.0000   4.2643891e-13
       7580.0000   4.2649614e-13
       7590.0000   4.0141627e-13
       7600.0000   3.8375033e-13
       7610.0000   3.9344741e-13
       7620.0000   3.9219601e-13
       7630.0000   3.7103486e-13
       7640.0000   3.6147415e-13
       7650.0000   3.6457276e-13
       7660.0000   3.2374547e-13
       7670.0000   2.9928827e-13
       7680.0000   3.2284670e-13
       7690.0000   3.1587429e-13
       7700.0000   3.0738361e-13
       7710.0000   3.2096550e-13
       7720.0000   3.3707907e-13
       7730.0000   3.5129542e-13
       7740.0000   3.4981879e-13
       7750.0000   3.3316024e-13
       7760.0000   3.2910390e-13
       7770.0000   3.4068873e-13
       7780.0000   3.4144922e-13
       7790.0000   3.3904184e-13
       7800.0000   3.5132878e-13
       7810.0000   3.6396489e-13
       7820.0000   3.6061100e-13
       7830.0000   3.5028745e-13
       7840.0000   3.5302391e-13
       7850.0000   3.6453244e-13
       7860.0000   3.6831573e-13
       7870.0000   3.6913286e-13
       7880.0000   3.7723187e-13
       7890.0000   3.8547292e-13
       7900.0000   3.8241819e-13
       7910.0000   3.7932198e-13
       7920.0000   3.8571165e-13
       7930.0000   3.9286241e-13
       7940.0000   3.9287476e-13
       7950.0000   3.9519657e-13
       7960.0000   4.0552222e-13
       7970.0000   4.1094568e-13
       7980.0000   4.0981078e-13
       7990.0000   4.0967834e-13
       8000.0000   4.1527759e-13
       8010.0000   4.2165926e-13
       8020.0000   4.2200690e-13
       8030.0000   4.2583988e-13
       8040.0000   4.3264255e-13
       8050.0000   4.3965614e-13
       8060.0000   4.4485846e-13
       8070.0000   4.4701822e-13
       8080.0000   4.5313250e-13
       8090.0000   4.5537001e-13
       8100.0000   4.5665093e-13
       8110.0000   4.5560655e-13
       8120.0000   4.5918767e-13
       8130.0000   4.6848411e-13
       8140.0000   4.6840821e-13
       8150.0000   4.6384973e-13
       8160.0000   4.6304006e-13
       8170.0000   4.6086720e-13
       8180.0000   4.2389521e-13
       8190.0000   3.7921601e-13
       8200.0000   4.0569465e-13
       8210.0000   4.4612563e-13
       8220.0000   4.5159447e-13
       8230.0000   4.5771670e-13
       8240.0000   4.6973733e-13
       8250.0000   4.6977541e-13
       8260.0000   4.6919132e-13
       8270.0000   4.6454564e-13
       8280.0000   4.5253653e-13
       8290.0000   4.5108421e-13
       8300.0000   4.4495127e-13
       8310.0000   4.4532595e-13
       8320.0000   4.4548411e-13
       8330.0000   4.4323806e-13
       8340.0000   4.4997686e-13
       8350.0000   4.5006485e-13
       8360.0000   4.4626595e-13
       8370.0000   4.4438285e-13
       8380.0000   4.3147804e-13
       8390.0000   4.3176817e-13
       8400.0000   4.4500161e-13
       8410.0000   4.4493145e-13
       8420.0000   4.3834997e-13
       8430.0000   4.1757878e-13
       8440.0000   4.1262775e-13
       8450.0000   4.1352714e-13
       8460.0000   4.0631357e-13
       8470.0000   4.0893236e-13
       8480.0000   4.1258739e-13
       8490.0000   4.0498006e-13
       8500.0000   4.0243616e-13
       8510.0000   4.0500444e-13
       8520.0000   4.0500798e-13
       8530.0000   4.0955407e-13
       8540.0000   3.9370537e-13
       8550.0000   4.0035093e-13
       8560.0000   4.2262697e-13
       8570.0000   4.2453425e-13
       8580.0000   4.2823267e-13
       8590.0000   4.3152940e-13
       8600.0000   4.3460814e-13
       8610.0000   4.3573695e-13
       8620.0000   4.3555463e-13
       8630.0000   4.3799186e-13
       8640.0000   4.4056736e-13
       8650.0000   4.3419861e-13
       8660.0000   4.1320920e-13
       8670.0000   4.1460358e-13
       8680.0000   4.2502415e-13
       8690.0000   4.1917095e-13
       8700.0000   4.2679203e-13
       8710.0000   4.3205499e-13
       8720.0000   4.3294282e-13
       8730.0000   4.3603320e-13
       8740.0000   4.4131950e-13
       8750.0000   4.5063299e-13
       8760.0000   4.5106786e-13
       8770.0000   4.4753934e-13
       8780.0000   4.5063429e-13
       8790.0000   4.5622065e-13
       8800.0000   4.4432737e-13
       8810.0000   4.4652368e-13
       8820.0000   4.5529558e-13
       8830.0000   4.5518452e-13
       8840.0000   4.6029896e-13
       8850.0000   4.5894768e-13
       8860.0000   4.4513980e-13
       8870.0000   4.2846993e-13
       8880.0000   4.2974189e-13
       8890.0000   4.3727713e-13
       8900.0000   4.5149347e-13
       8910.0000   4.5926001e-13
       8920.0000   4.5818706e-13
       8930.0000   4.5653058e-13
       8940.0000   4.5270652e-13
       8950.0000   4.4970994e-13
       8960.0000   4.4128270e-13
       8970.0000   4.3771386e-13
       8980.0000   4.3168037e-13
       8990.0000   4.3217648e-13
       9000.0000   4.3870104e-13
       9010.0000   4.3854124e-13
       9020.0000   4.4136589e-13
       9030.0000   4.6605806e-13
       9040.0000   4.8871690e-13
       9050.0000   4.8642176e-13
       9060.0000   4.7076313e-13
       9070.0000   4.5240671e-13
       9080.0000   4.4487252e-13
       9090.0000   4.4828388e-13
       9100.0000   4.5696513e-13
       9110.0000   4.6254622e-13
       9120.0000   4.6904934e-13
       9130.0000   4.5719128e-13
       9140.0000   4.6082458e-13
       9150.0000   4.6216026e-13
       9160.0000   4.6800554e-13
       9170.0000   4.6907986e-13
       9180.0000   4.6487377e-13
       9190.0000   4.9891241e-13
       9200.0000   4.7560080e-13
       9210.0000   4.3287067e-13
       9220.0000   4.1010838e-13
       9230.0000   4.1079029e-13
       9240.0000   4.1147220e-13
       9250.0000   4.1215412e-13
       9260.0000   4.1221231e-13
       9270.0000   4.1222781e-13
       9280.0000   4.1224330e-13
       9290.0000   4.1571472e-13
       9300.0000   4.2447894e-13
       9310.0000   4.3324316e-13
       9320.0000   4.4200738e-13
       9330.0000   4.4080200e-13
       9340.0000   4.3765527e-13
       9350.0000   4.3450854e-13
       9360.0000   4.3010648e-13
       9370.0000   4.2216862e-13
       9380.0000   4.1423077e-13
       9390.0000   4.0629292e-13
       9400.0000   4.0567349e-13
       9410.0000   4.0865834e-13
       9420.0000   4.1164319e-13
       9430.0000   4.1503909e-13
       9440.0000   4.2475852e-13
       9450.0000   4.3447796e-13
       9460.0000   4.4419739e-13
       9470.0000   4.4935787e-13
       9480.0000   4.4859835e-13
       9490.0000   4.4783884e-13
       9500.0000   4.4707933e-13
       9510.0000   4.4767212e-13
       9520.0000   4.4861798e-13
       9530.0000   4.4956384e-13
       9540.0000   4.4912950e-13
       9550.0000   4.3984873e-13
       9560.0000   4.3056795e-13
       9570.0000   4.2128718e-13
       9580.0000   4.1571642e-13
       9590.0000   4.1448450e-13
       9600.0000   4.1325257e-13
       9610.0000   4.1202064e-13
       9620.0000   4.1377948e-13
       9630.0000   4.1642664e-13
       9640.0000   4.1907380e-13
       9650.0000   4.2133623e-13
       9660.0000   4.1806812e-13
       9670.0000   4.1480000e-13
       9680.0000   4.1153188e-13
       9690.0000   4.1111715e-13
       9700.0000   4.1614271e-13
       9710.0000   4.2116828e-13
       9720.0000   4.2619384e-13
       9730.0000   4.2553778e-13
       9740.0000   4.2120364e-13
       9750.0000   4.1686951e-13
       9760.0000   4.1253537e-13
       9770.0000   4.1039937e-13
       9780.0000   4.0863327e-13
       9790.0000   4.0686718e-13
       9800.0000   4.0597754e-13
       9810.0000   4.1406320e-13
       9820.0000   4.2214886e-13
       9830.0000   4.3023452e-13
       9840.0000   4.3405353e-13
       9850.0000   4.2824271e-13
       9860.0000   4.2243189e-13
       9870.0000   4.1662107e-13
       9880.0000   4.1289963e-13
       9890.0000   4.1117732e-13
       9900.0000   4.0945502e-13
       9910.0000   4.0773272e-13
       9920.0000   4.0853150e-13
       9930.0000   4.1041075e-13
       9940.0000   4.1228999e-13
       9950.0000   4.1416924e-13
       9960.0000   4.1275736e-13
       9970.0000   4.1087532e-13
       9980.0000   4.0899329e-13
       9990.0000   4.0703131e-13
       10000.000   4.0298950e-13
       10010.000   3.9894769e-13
       10020.000   3.9490588e-13
       10030.000   3.9169479e-13
       10040.000   3.9226855e-13
       10050.000   3.9284231e-13
       10060.000   3.9341607e-13
       10070.000   3.9541049e-13
       10080.000   4.0042355e-13
       10090.000   4.0543661e-13
       10100.000   4.1044967e-13
       10110.000   4.1264562e-13
       10120.000   4.1125529e-13
       10130.000   4.0986496e-13
       10140.000   4.0847463e-13
       10150.000   4.0792250e-13
       10160.000   4.0808427e-13
       10170.000   4.0824605e-13
       10180.000   4.0840783e-13
       10190.000   4.0781071e-13
       10200.000   4.0678659e-13
       10210.000   4.0576247e-13
       10220.000   4.0473835e-13
       10230.000   4.0493493e-13
       10240.000   4.0560617e-13
       10250.000   4.0627742e-13
       10260.000   4.0694866e-13
       10270.000   4.0691079e-13
       10280.000   4.0668447e-13
       10290.000   4.0645815e-13
       10300.000   4.0623182e-13
       10310.000   4.0964527e-13
       10320.000   4.1375179e-13
       10330.000   4.1785832e-13
       10340.000   4.2196485e-13
       10350.000   4.2124078e-13
       10360.000   4.1991991e-13
       10370.000   4.1859905e-13
       10380.000   4.1727818e-13
       10390.000   4.1071552e-13
       10400.000   4.0369717e-13
       10410.000   3.9667882e-13
       10420.000   3.8966047e-13
       10430.000   3.9335087e-13
       10440.000   3.9772552e-13
       10450.000   4.0210017e-13
       10460.000   4.0647482e-13
       10470.000   4.0930047e-13
       10480.000   4.1204459e-13
       10490.000   4.1478872e-13
       10500.000   4.1753285e-13
       10510.000   4.1880436e-13
       10520.000   4.1998177e-13
       10530.000   4.2115919e-13
       10540.000   4.2233661e-13
       10550.000   4.1708487e-13
       10560.000   4.1134907e-13
       10570.000   4.0561327e-13
       10580.000   3.9987747e-13
       10590.000   4.0399828e-13
       10600.000   4.0921426e-13
       10610.000   4.1443024e-13
       10620.000   4.1964622e-13
       10630.000   4.1941324e-13
       10640.000   4.1836618e-13
       10650.000   4.1731912e-13
       10660.000   4.1627206e-13
       10670.000   4.1239093e-13
       10680.000   4.0788777e-13
       10690.000   4.0338460e-13
       10700.000   3.9888144e-13
       10710.000   4.0031836e-13
       10720.000   4.0363149e-13
       10730.000   4.0694463e-13
       10740.000   4.1025777e-13
       10750.000   4.0778008e-13
       10760.000   4.0281946e-13
       10770.000   3.9785884e-13
       10780.000   3.9289821e-13
       10790.000   3.9096774e-13
       10800.000   3.9089431e-13
       10810.000   3.9082088e-13
       10820.000   3.9074745e-13
       10830.000   3.9472392e-13
       10840.000   4.0229209e-13
       10850.000   4.0986025e-13
       10860.000   4.1742842e-13
       10870.000   4.1732147e-13
       10880.000   4.0703970e-13
       10890.000   3.9675794e-13
       10900.000   3.8647617e-13
       10910.000   3.8032219e-13
       10920.000   3.8254958e-13
       10930.000   3.8477697e-13
       10940.000   3.8700437e-13
       10950.000   3.8834788e-13
       10960.000   3.8636746e-13
       10970.000   3.8438705e-13
       10980.000   3.8240663e-13
       10990.000   3.8074809e-13
       11000.000   3.8234249e-13
       11010.000   3.8393688e-13
       11020.000   3.8553128e-13
       11030.000   3.8712567e-13
       11040.000   3.8557724e-13
       11050.000   3.8389805e-13
       11060.000   3.8221887e-13
       11070.000   3.8053968e-13
       11080.000   3.8429145e-13
       11090.000   3.8923522e-13
       11100.000   3.9417900e-13
       11110.000   3.9912277e-13
       11120.000   4.0027356e-13
       11130.000   3.9955550e-13
       11140.000   3.9883744e-13
       11150.000   3.9811939e-13
       11160.000   3.9791440e-13
       11170.000   3.9820226e-13
       11180.000   3.9849012e-13
       11190.000   3.9877798e-13
       11200.000   3.9849733e-13
       11210.000   3.9711280e-13
       11220.000   3.9572826e-13
       11230.000   3.9434373e-13
       11240.000   3.9248681e-13
       11250.000   3.8832386e-13
       11260.000   3.8416091e-13
       11270.000   3.7999796e-13
       11280.000   3.7583501e-13
       11290.000   3.7707597e-13
       11300.000   3.7837183e-13
       11310.000   3.7966770e-13
       11320.000   3.8096357e-13
       11330.000   3.7952837e-13
       11340.000   3.7741041e-13
       11350.000   3.7529244e-13
       11360.000   3.7317447e-13
       11370.000   3.7283534e-13
       11380.000   3.7363320e-13
       11390.000   3.7443107e-13
       11400.000   3.7522893e-13
       11410.000   3.7690300e-13
       11420.000   3.7983764e-13
       11430.000   3.8277227e-13
       11440.000   3.8570691e-13
       11450.000   3.8721054e-13
       11460.000   3.8299367e-13
       11470.000   3.7877679e-13
       11480.000   3.7455991e-13
       11490.000   3.7034303e-13
       11500.000   3.7124215e-13
       11510.000   3.7224525e-13
       11520.000   3.7324836e-13
       11530.000   3.7425146e-13
       11540.000   3.7511167e-13
       11550.000   3.7592677e-13
       11560.000   3.7674187e-13
       11570.000   3.7755696e-13
       11580.000   3.7397182e-13
       11590.000   3.6663891e-13
       11600.000   3.5930600e-13
       11610.000   3.5197308e-13
       11620.000   3.4835819e-13
       11630.000   3.5341868e-13
       11640.000   3.5847916e-13
       11650.000   3.6353965e-13
       11660.000   3.6815168e-13
       11670.000   3.6679857e-13
       11680.000   3.6544547e-13
       11690.000   3.6409236e-13
       11700.000   3.6273926e-13
       11710.000   3.6106594e-13
       11720.000   3.5932234e-13
       11730.000   3.5757875e-13
       11740.000   3.5583515e-13
       11750.000   3.5523549e-13
       11760.000   3.5549873e-13
       11770.000   3.5576197e-13
       11780.000   3.5602520e-13
       11790.000   3.5486499e-13
       11800.000   3.5068023e-13
       11810.000   3.4649546e-13
       11820.000   3.4231070e-13
       11830.000   3.3863972e-13
       11840.000   3.4302361e-13
       11850.000   3.4740750e-13
       11860.000   3.5179140e-13
       11870.000   3.5617529e-13
       11880.000   3.5670898e-13
       11890.000   3.5628071e-13
       11900.000   3.5585243e-13
       11910.000   3.5542416e-13
       11920.000   3.5313478e-13
       11930.000   3.4919485e-13
       11940.000   3.4525492e-13
       11950.000   3.4131499e-13
       11960.000   3.3970105e-13
       11970.000   3.4470520e-13
       11980.000   3.4970936e-13
       11990.000   3.5471351e-13
