       3000.0000   1.9415028e-15
       3010.0000   2.0055436e-15
       3020.0000   2.0711377e-15
       3030.0000   2.1383060e-15
       3040.0000   2.2070693e-15
       3050.0000   2.2774482e-15
       3060.0000   2.3494635e-15
       3070.0000   2.4231355e-15
       3080.0000   2.4984845e-15
       3090.0000   2.5755306e-15
       3100.0000   2.6542939e-15
       3110.0000   2.7347942e-15
       3120.0000   2.8170512e-15
       3130.0000   2.9010844e-15
       3140.0000   2.9869130e-15
       3150.0000   3.0745562e-15
       3160.0000   3.1640329e-15
       3170.0000   3.2553619e-15
       3180.0000   3.3485615e-15
       3190.0000   3.4436502e-15
       3200.0000   3.5406460e-15
       3210.0000   3.6395666e-15
       3220.0000   3.7404298e-15
       3230.0000   3.8432528e-15
       3240.0000   3.9480528e-15
       3250.0000   4.0548466e-15
       3260.0000   4.1636507e-15
       3270.0000   4.2744816e-15
       3280.0000   4.3873552e-15
       3290.0000   4.5022874e-15
       3300.0000   4.6192937e-15
       3310.0000   4.7383891e-15
       3320.0000   4.8595887e-15
       3330.0000   4.9829071e-15
       3340.0000   5.1083585e-15
       3350.0000   5.2359571e-15
       3360.0000   5.3657164e-15
       3370.0000   5.4976500e-15
       3380.0000   5.6317707e-15
       3390.0000   5.7680915e-15
       3400.0000   5.9066247e-15
       3410.0000   6.0473824e-15
       3420.0000   6.1903764e-15
       3430.0000   6.3356180e-15
       3440.0000   6.4831185e-15
       3450.0000   6.6328884e-15
       3460.0000   6.7849383e-15
       3470.0000   6.9392782e-15
       3480.0000   7.0959177e-15
       3490.0000   7.2548663e-15
       3500.0000   7.4161328e-15
       3510.0000   7.5797261e-15
       3520.0000   7.7456542e-15
       3530.0000   7.9139252e-15
       3540.0000   8.0845466e-15
       3550.0000   8.2575257e-15
       3560.0000   8.4328691e-15
       3570.0000   8.6105835e-15
       3580.0000   8.7906749e-15
       3590.0000   8.9731489e-15
       3600.0000   9.1580111e-15
       3610.0000   9.3452663e-15
       3620.0000   9.5349193e-15
       3630.0000   9.7269741e-15
       3640.0000   9.9214348e-15
       3650.0000   1.0118305e-14
       3660.0000   1.0317587e-14
       3670.0000   1.0519285e-14
       3680.0000   1.0723400e-14
       3690.0000   1.0929935e-14
       3700.0000   1.1138892e-14
       3710.0000   1.1350271e-14
       3720.0000   1.1564073e-14
       3730.0000   1.1780299e-14
       3740.0000   1.1998950e-14
       3750.0000   1.2220025e-14
       3760.0000   1.2443523e-14
       3770.0000   1.2669444e-14
       3780.0000   1.2897786e-14
       3790.0000   1.3128548e-14
       3800.0000   1.3361728e-14
       3810.0000   1.3597323e-14
       3820.0000   1.3835330e-14
       3830.0000   9.1288045e-15
       3840.0000   6.7674594e-15
       3850.0000   7.6019380e-15
       3860.0000   7.6914096e-15
       3870.0000   7.7657584e-15
       3880.0000   7.6044468e-15
       3890.0000   8.0256027e-15
       3900.0000   8.3729816e-15
       3910.0000   8.1478492e-15
       3920.0000   7.0407068e-15
       3930.0000   7.9484672e-15
       3940.0000   8.9091136e-15
       3950.0000   8.4753184e-15
       3960.0000   9.3427790e-15
       3970.0000   1.0611312e-14
       3980.0000   1.2180287e-14
       3990.0000   1.3022071e-14
       4000.0000   1.3184855e-14
       4010.0000   1.3883695e-14
       4020.0000   1.4560262e-14
       4030.0000   1.3010130e-14
       4040.0000   1.1390976e-14
       4050.0000   1.2380582e-14
       4060.0000   1.3802821e-14
       4070.0000   1.2792475e-14
       4080.0000   1.2275282e-14
       4090.0000   1.3055742e-14
       4100.0000   1.3301228e-14
       4110.0000   1.3524844e-14
       4120.0000   1.3477174e-14
       4130.0000   1.4084037e-14
       4140.0000   1.3371036e-14
       4150.0000   1.3627338e-14
       4160.0000   1.4486915e-14
       4170.0000   1.3751365e-14
       4180.0000   1.3625943e-14
       4190.0000   1.3450829e-14
       4200.0000   1.3208251e-14
       4210.0000   1.2350242e-14
       4220.0000   7.9645914e-15
       4230.0000   6.6843361e-15
       4240.0000   9.7564671e-15
       4250.0000   1.0031314e-14
       4260.0000   1.1227056e-14
       4270.0000   1.2762128e-14
       4280.0000   1.2454102e-14
       4290.0000   1.3565687e-14
       4300.0000   1.3655989e-14
       4310.0000   1.3849656e-14
       4320.0000   1.4590537e-14
       4330.0000   1.5666543e-14
       4340.0000   1.7302513e-14
       4350.0000   1.6480265e-14
       4360.0000   1.6711329e-14
       4370.0000   1.7609004e-14
       4380.0000   1.5846329e-14
       4390.0000   1.6963968e-14
       4400.0000   1.8743241e-14
       4410.0000   1.9619168e-14
       4420.0000   2.1066182e-14
       4430.0000   2.1074711e-14
       4440.0000   2.2329870e-14
       4450.0000   2.2189980e-14
       4460.0000   2.2288219e-14
       4470.0000   2.4913756e-14
       4480.0000   2.6357812e-14
       4490.0000   2.7324743e-14
       4500.0000   2.8137653e-14
       4510.0000   2.8140187e-14
       4520.0000   2.8405284e-14
       4530.0000   2.8876839e-14
       4540.0000   2.9946169e-14
       4550.0000   3.1165581e-14
       4560.0000   3.4040714e-14
       4570.0000   3.7241513e-14
       4580.0000   3.4986315e-14
       4590.0000   3.2492251e-14
       4600.0000   3.3211889e-14
       4610.0000   3.6275715e-14
       4620.0000   3.7731320e-14
       4630.0000   3.4469274e-14
       4640.0000   3.3100766e-14
       4650.0000   3.5003095e-14
       4660.0000   3.6471876e-14
       4670.0000   3.4409931e-14
       4680.0000   3.2733896e-14
       4690.0000   3.4680323e-14
       4700.0000   3.7058532e-14
       4710.0000   3.6701907e-14
       4720.0000   3.6086055e-14
       4730.0000   3.7526187e-14
       4740.0000   3.8559248e-14
       4750.0000   3.8932525e-14
       4760.0000   3.1399660e-14
       4770.0000   2.5463685e-14
       4780.0000   2.7634609e-14
       4790.0000   3.1271937e-14
       4800.0000   3.2421789e-14
       4810.0000   3.0675215e-14
       4820.0000   3.1442327e-14
       4830.0000   3.3187048e-14
       4840.0000   3.2871712e-14
       4850.0000   3.1609811e-14
       4860.0000   3.2570991e-14
       4870.0000   3.3890059e-14
       4880.0000   3.5632499e-14
       4890.0000   3.8045483e-14
       4900.0000   4.0729274e-14
       4910.0000   4.3525895e-14
       4920.0000   4.6763625e-14
       4930.0000   4.9065327e-14
       4940.0000   5.1507712e-14
       4950.0000   4.5710559e-14
       4960.0000   3.4294426e-14
       4970.0000   3.3718662e-14
       4980.0000   3.7695391e-14
       4990.0000   3.9201082e-14
       5000.0000   3.6504245e-14
       5010.0000   3.2930989e-14
       5020.0000   3.3938895e-14
       5030.0000   3.7026242e-14
       5040.0000   3.9404819e-14
       5050.0000   3.9762401e-14
       5060.0000   4.0146354e-14
       5070.0000   4.1760758e-14
       5080.0000   4.2334169e-14
       5090.0000   4.2281382e-14
       5100.0000   4.0986728e-14
       5110.0000   4.1657842e-14
       5120.0000   4.2847300e-14
       5130.0000   4.3337799e-14
       5140.0000   4.4598490e-14
       5150.0000   4.4073206e-14
       5160.0000   4.2499818e-14
       5170.0000   3.3264264e-14
       5180.0000   2.8707953e-14
       5190.0000   3.6154067e-14
       5200.0000   3.6216472e-14
       5210.0000   4.0025844e-14
       5220.0000   5.1368879e-14
       5230.0000   5.6708835e-14
       5240.0000   5.4570141e-14
       5250.0000   5.2679724e-14
       5260.0000   5.0141644e-14
       5270.0000   5.0846541e-14
       5280.0000   5.7352955e-14
       5290.0000   5.9460041e-14
       5300.0000   6.1150305e-14
       5310.0000   6.2283179e-14
       5320.0000   6.0028541e-14
       5330.0000   5.9766472e-14
       5340.0000   6.1985661e-14
       5350.0000   6.4902617e-14
       5360.0000   6.6277579e-14
       5370.0000   6.6107134e-14
       5380.0000   7.0081809e-14
       5390.0000   7.0826364e-14
       5400.0000   6.9044742e-14
       5410.0000   7.2175763e-14
       5420.0000   7.5335925e-14
       5430.0000   7.4672876e-14
       5440.0000   7.1230898e-14
       5450.0000   5.8966185e-14
       5460.0000   5.3095389e-14
       5470.0000   5.7974030e-14
       5480.0000   6.0147747e-14
       5490.0000   6.1248856e-14
       5500.0000   5.6425077e-14
       5510.0000   5.1418030e-14
       5520.0000   5.1793199e-14
       5530.0000   5.1466706e-14
       5540.0000   4.9832092e-14
       5550.0000   5.1727588e-14
       5560.0000   5.5961680e-14
       5570.0000   5.9944522e-14
       5580.0000   6.1924889e-14
       5590.0000   6.0438663e-14
       5600.0000   5.7142146e-14
       5610.0000   5.6802453e-14
       5620.0000   5.7300665e-14
       5630.0000   5.6744475e-14
       5640.0000   5.8208810e-14
       5650.0000   6.2503310e-14
       5660.0000   6.2906725e-14
       5670.0000   6.1433300e-14
       5680.0000   6.3887390e-14
       5690.0000   6.6797805e-14
       5700.0000   7.0031991e-14
       5710.0000   7.1937714e-14
       5720.0000   7.1665301e-14
       5730.0000   7.3220577e-14
       5740.0000   7.7640673e-14
       5750.0000   8.0340310e-14
       5760.0000   7.4356957e-14
       5770.0000   6.9368583e-14
       5780.0000   7.3678851e-14
       5790.0000   7.8718484e-14
       5800.0000   8.2856165e-14
       5810.0000   7.6274242e-14
       5820.0000   6.8279752e-14
       5830.0000   7.0285288e-14
       5840.0000   6.9664426e-14
       5850.0000   6.2677340e-14
       5860.0000   5.5517793e-14
       5870.0000   4.9850615e-14
       5880.0000   3.9355171e-14
       5890.0000   2.7670451e-14
       5900.0000   3.0594482e-14
       5910.0000   4.2145283e-14
       5920.0000   4.6036819e-14
       5930.0000   4.9823589e-14
       5940.0000   5.4205358e-14
       5950.0000   5.2697695e-14
       5960.0000   5.2490600e-14
       5970.0000   5.4749313e-14
       5980.0000   5.6961329e-14
       5990.0000   6.1936641e-14
       6000.0000   6.3069754e-14
       6010.0000   6.3304547e-14
       6020.0000   6.7114203e-14
       6030.0000   6.8841947e-14
       6040.0000   7.1813245e-14
       6050.0000   7.5194002e-14
       6060.0000   7.5977133e-14
       6070.0000   7.6979522e-14
       6080.0000   7.7145523e-14
       6090.0000   7.8726316e-14
       6100.0000   7.8734984e-14
       6110.0000   7.7380991e-14
       6120.0000   7.6829550e-14
       6130.0000   7.7975823e-14
       6140.0000   8.1605098e-14
       6150.0000   7.4595666e-14
       6160.0000   5.6638976e-14
       6170.0000   4.9106228e-14
       6180.0000   4.8724042e-14
       6190.0000   4.4605750e-14
       6200.0000   4.5133905e-14
       6210.0000   4.4148087e-14
       6220.0000   3.9607291e-14
       6230.0000   3.9220621e-14
       6240.0000   4.1357009e-14
       6250.0000   4.4747344e-14
       6260.0000   4.9750846e-14
       6270.0000   5.2131685e-14
       6280.0000   5.5258555e-14
       6290.0000   6.0391865e-14
       6300.0000   6.6397143e-14
       6310.0000   7.4584257e-14
       6320.0000   8.0245741e-14
       6330.0000   8.4658689e-14
       6340.0000   9.1012944e-14
       6350.0000   9.1489757e-14
       6360.0000   8.5991192e-14
       6370.0000   8.3764671e-14
       6380.0000   7.9174121e-14
       6390.0000   8.1179082e-14
       6400.0000   9.4303237e-14
       6410.0000   1.0025721e-13
       6420.0000   1.0034145e-13
       6430.0000   1.0136514e-13
       6440.0000   1.0535414e-13
       6450.0000   1.0983469e-13
       6460.0000   1.1219827e-13
       6470.0000   1.1815849e-13
       6480.0000   1.1850284e-13
       6490.0000   1.1281419e-13
       6500.0000   1.1934910e-13
       6510.0000   1.2805078e-13
       6520.0000   1.3329825e-13
       6530.0000   1.4161800e-13
       6540.0000   1.4197427e-13
       6550.0000   1.3370415e-13
       6560.0000   1.2680836e-13
       6570.0000   1.2028694e-13
       6580.0000   1.2008221e-13
       6590.0000   1.2149766e-13
       6600.0000   1.1942641e-13
       6610.0000   1.1895446e-13
       6620.0000   1.1273033e-13
       6630.0000   1.0628196e-13
       6640.0000   1.0537904e-13
       6650.0000   9.7437363e-14
       6660.0000   9.3122398e-14
       6670.0000   9.6685674e-14
       6680.0000   8.8913624e-14
       6690.0000   8.2801333e-14
       6700.0000   8.7657722e-14
       6710.0000   8.4217194e-14
       6720.0000   7.6376024e-14
       6730.0000   7.7469614e-14
       6740.0000   7.9843093e-14
       6750.0000   7.8683082e-14
       6760.0000   8.0639120e-14
       6770.0000   8.5381641e-14
       6780.0000   8.0767114e-14
       6790.0000   7.5810142e-14
       6800.0000   7.8276016e-14
       6810.0000   7.9199523e-14
       6820.0000   7.9804570e-14
       6830.0000   8.1419522e-14
       6840.0000   8.2857223e-14
       6850.0000   8.1090119e-14
       6860.0000   7.9091593e-14
       6870.0000   8.2687314e-14
       6880.0000   8.6123194e-14
       6890.0000   8.8311040e-14
       6900.0000   9.1552515e-14
       6910.0000   9.4607386e-14
       6920.0000   9.9720331e-14
       6930.0000   1.0862372e-13
       6940.0000   1.2016126e-13
       6950.0000   1.2550300e-13
       6960.0000   1.2623739e-13
       6970.0000   1.2925777e-13
       6980.0000   1.3466187e-13
       6990.0000   1.3706129e-13
       7000.0000   1.3845740e-13
       7010.0000   1.4599639e-13
       7020.0000   1.5287380e-13
       7030.0000   1.6518031e-13
       7040.0000   1.8472758e-13
       7050.0000   1.6850454e-13
       7060.0000   1.3379918e-13
       7070.0000   1.3085370e-13
       7080.0000   1.3103387e-13
       7090.0000   1.1162221e-13
       7100.0000   1.0425330e-13
       7110.0000   1.1653660e-13
       7120.0000   1.1182544e-13
       7130.0000   9.1441549e-14
       7140.0000   8.6061819e-14
       7150.0000   9.5859232e-14
       7160.0000   1.0054924e-13
       7170.0000   1.0374746e-13
       7180.0000   1.1388627e-13
       7190.0000   1.1876966e-13
       7200.0000   1.1379296e-13
       7210.0000   1.1490200e-13
       7220.0000   1.2518253e-13
       7230.0000   1.3286797e-13
       7240.0000   1.3985154e-13
       7250.0000   1.4829069e-13
       7260.0000   1.5798929e-13
       7270.0000   1.6256449e-13
       7280.0000   1.6606072e-13
       7290.0000   1.7483244e-13
       7300.0000   1.8259258e-13
       7310.0000   1.9086364e-13
       7320.0000   1.9484241e-13
       7330.0000   2.0029778e-13
       7340.0000   2.0718499e-13
       7350.0000   2.0776942e-13
       7360.0000   2.1149865e-13
       7370.0000   2.1939985e-13
       7380.0000   2.2544538e-13
       7390.0000   2.2626371e-13
       7400.0000   2.2573671e-13
       7410.0000   2.2818708e-13
       7420.0000   2.3234960e-13
       7430.0000   2.3481060e-13
       7440.0000   2.3413943e-13
       7450.0000   2.3555307e-13
       7460.0000   2.3790141e-13
       7470.0000   2.4038846e-13
       7480.0000   2.4227433e-13
       7490.0000   2.4197398e-13
       7500.0000   2.4457889e-13
       7510.0000   2.4963961e-13
       7520.0000   2.5052045e-13
       7530.0000   2.5157644e-13
       7540.0000   2.5790054e-13
       7550.0000   2.6053877e-13
       7560.0000   2.5700220e-13
       7570.0000   2.5843345e-13
       7580.0000   2.5868259e-13
       7590.0000   2.3903279e-13
       7600.0000   2.2097273e-13
       7610.0000   2.2952141e-13
       7620.0000   2.3379015e-13
       7630.0000   2.1702601e-13
       7640.0000   2.0676403e-13
       7650.0000   2.0763889e-13
       7660.0000   1.7709674e-13
       7670.0000   1.5833610e-13
       7680.0000   1.7637330e-13
       7690.0000   1.7284582e-13
       7700.0000   1.6653433e-13
       7710.0000   1.7725283e-13
       7720.0000   1.9083317e-13
       7730.0000   2.0095802e-13
       7740.0000   1.9773577e-13
       7750.0000   1.8593269e-13
       7760.0000   1.8443189e-13
       7770.0000   1.9216321e-13
       7780.0000   1.9192914e-13
       7790.0000   1.9100262e-13
       7800.0000   2.0017102e-13
       7810.0000   2.0920608e-13
       7820.0000   2.0718976e-13
       7830.0000   1.9902396e-13
       7840.0000   2.0195799e-13
       7850.0000   2.0982027e-13
       7860.0000   2.1160267e-13
       7870.0000   2.1336532e-13
       7880.0000   2.2167085e-13
       7890.0000   2.2799699e-13
       7900.0000   2.2540993e-13
       7910.0000   2.2107758e-13
       7920.0000   2.2224295e-13
       7930.0000   2.3038246e-13
       7940.0000   2.3220519e-13
       7950.0000   2.3382833e-13
       7960.0000   2.4177301e-13
       7970.0000   2.4596682e-13
       7980.0000   2.4634800e-13
       7990.0000   2.4620238e-13
       8000.0000   2.4996476e-13
       8010.0000   2.5457167e-13
       8020.0000   2.5800282e-13
       8030.0000   2.6199732e-13
       8040.0000   2.6492114e-13
       8050.0000   2.7147068e-13
       8060.0000   2.7694958e-13
       8070.0000   2.7701189e-13
       8080.0000   2.8087120e-13
       8090.0000   2.8335737e-13
       8100.0000   2.8389326e-13
       8110.0000   2.8393411e-13
       8120.0000   2.8706293e-13
       8130.0000   2.9186870e-13
       8140.0000   2.9074344e-13
       8150.0000   2.8935398e-13
       8160.0000   2.8970905e-13
       8170.0000   2.8671119e-13
       8180.0000   2.5996925e-13
       8190.0000   2.2771745e-13
       8200.0000   2.4760885e-13
       8210.0000   2.7912766e-13
       8220.0000   2.8424893e-13
       8230.0000   2.8753403e-13
       8240.0000   2.9280895e-13
       8250.0000   2.9368199e-13
       8260.0000   2.9610196e-13
       8270.0000   2.9306987e-13
       8280.0000   2.8481236e-13
       8290.0000   2.8307339e-13
       8300.0000   2.7887650e-13
       8310.0000   2.7738701e-13
       8320.0000   2.7557273e-13
       8330.0000   2.7383335e-13
       8340.0000   2.8160336e-13
       8350.0000   2.8415468e-13
       8360.0000   2.7895045e-13
       8370.0000   2.7522491e-13
       8380.0000   2.6611672e-13
       8390.0000   2.6687999e-13
       8400.0000   2.7755896e-13
       8410.0000   2.7759150e-13
       8420.0000   2.7264790e-13
       8430.0000   2.5973452e-13
       8440.0000   2.5309517e-13
       8450.0000   2.5117444e-13
       8460.0000   2.4578523e-13
       8470.0000   2.4608888e-13
       8480.0000   2.4921518e-13
       8490.0000   2.4819390e-13
       8500.0000   2.4535439e-13
       8510.0000   2.4294015e-13
       8520.0000   2.4396424e-13
       8530.0000   2.4870734e-13
       8540.0000   2.4180731e-13
       8550.0000   2.4825518e-13
       8560.0000   2.6206918e-13
       8570.0000   2.6381496e-13
       8580.0000   2.6526233e-13
       8590.0000   2.6633025e-13
       8600.0000   2.6902625e-13
       8610.0000   2.7092343e-13
       8620.0000   2.7279005e-13
       8630.0000   2.7369517e-13
       8640.0000   2.7237671e-13
       8650.0000   2.7137287e-13
       8660.0000   2.6110995e-13
       8670.0000   2.6122942e-13
       8680.0000   2.6854108e-13
       8690.0000   2.6366435e-13
       8700.0000   2.6716685e-13
       8710.0000   2.6908873e-13
       8720.0000   2.6903054e-13
       8730.0000   2.7237689e-13
       8740.0000   2.7582391e-13
       8750.0000   2.8392477e-13
       8760.0000   2.8809881e-13
       8770.0000   2.8827089e-13
       8780.0000   2.8832562e-13
       8790.0000   2.8976322e-13
       8800.0000   2.8175658e-13
       8810.0000   2.8306011e-13
       8820.0000   2.9249318e-13
       8830.0000   2.9490028e-13
       8840.0000   2.9663930e-13
       8850.0000   2.9238617e-13
       8860.0000   2.8263154e-13
       8870.0000   2.7117364e-13
       8880.0000   2.7577696e-13
       8890.0000   2.8100877e-13
       8900.0000   2.8307634e-13
       8910.0000   2.8824255e-13
       8920.0000   2.9079532e-13
       8930.0000   2.9160167e-13
       8940.0000   2.8732043e-13
       8950.0000   2.8653350e-13
       8960.0000   2.8052893e-13
       8970.0000   2.7735897e-13
       8980.0000   2.7772930e-13
       8990.0000   2.7537767e-13
       9000.0000   2.8045770e-13
       9010.0000   2.8371933e-13
       9020.0000   2.8183412e-13
       9030.0000   2.9641331e-13
       9040.0000   3.1279644e-13
       9050.0000   3.1161788e-13
       9060.0000   3.0120649e-13
       9070.0000   2.9127623e-13
       9080.0000   2.8725813e-13
       9090.0000   2.9071902e-13
       9100.0000   2.9549557e-13
       9110.0000   2.9856359e-13
       9120.0000   3.0407239e-13
       9130.0000   2.9524246e-13
       9140.0000   2.9997161e-13
       9150.0000   3.0096993e-13
       9160.0000   3.0272609e-13
       9170.0000   3.0512157e-13
       9180.0000   3.0223267e-13
       9190.0000   3.2035017e-13
       9200.0000   3.1337313e-13
       9210.0000   3.1364461e-13
       9220.0000   3.1337699e-13
       9230.0000   3.1108081e-13
       9240.0000   3.0878464e-13
       9250.0000   3.0648847e-13
       9260.0000   3.0479227e-13
       9270.0000   3.0337203e-13
       9280.0000   3.0195179e-13
       9290.0000   3.0073762e-13
       9300.0000   3.0076867e-13
       9310.0000   3.0079972e-13
       9320.0000   3.0083077e-13
       9330.0000   3.0091639e-13
       9340.0000   3.0104103e-13
       9350.0000   3.0116567e-13
       9360.0000   3.0128837e-13
       9370.0000   3.0108614e-13
       9380.0000   3.0088392e-13
       9390.0000   3.0068169e-13
       9400.0000   3.0095659e-13
       9410.0000   3.0190966e-13
       9420.0000   3.0286272e-13
       9430.0000   3.0381579e-13
       9440.0000   3.0530176e-13
       9450.0000   3.0691845e-13
       9460.0000   3.0853514e-13
       9470.0000   3.0983828e-13
       9480.0000   3.0967322e-13
       9490.0000   3.0950815e-13
       9500.0000   3.0934309e-13
       9510.0000   3.0851729e-13
       9520.0000   3.0711259e-13
       9530.0000   3.0570789e-13
       9540.0000   3.0430318e-13
       9550.0000   3.0338008e-13
       9560.0000   3.0252638e-13
       9570.0000   3.0167269e-13
       9580.0000   3.0118740e-13
       9590.0000   3.0218472e-13
       9600.0000   3.0318205e-13
       9610.0000   3.0417937e-13
       9620.0000   3.0534689e-13
       9630.0000   3.0667923e-13
       9640.0000   3.0801157e-13
       9650.0000   3.0934392e-13
       9660.0000   3.0968566e-13
       9670.0000   3.0978125e-13
       9680.0000   3.0987685e-13
       9690.0000   3.0994396e-13
       9700.0000   3.0967440e-13
       9710.0000   3.0940484e-13
       9720.0000   3.0913528e-13
       9730.0000   3.0880578e-13
       9740.0000   3.0836046e-13
       9750.0000   3.0791514e-13
       9760.0000   3.0746983e-13
       9770.0000   3.0707632e-13
       9780.0000   3.0671913e-13
       9790.0000   3.0636194e-13
       9800.0000   3.0600475e-13
       9810.0000   3.0574007e-13
       9820.0000   3.0549570e-13
       9830.0000   3.0525133e-13
       9840.0000   3.0496724e-13
       9850.0000   3.0364988e-13
       9860.0000   3.0233251e-13
       9870.0000   3.0101515e-13
       9880.0000   2.9986332e-13
       9890.0000   2.9923557e-13
       9900.0000   2.9860782e-13
       9910.0000   2.9798007e-13
       9920.0000   2.9761703e-13
       9930.0000   2.9760788e-13
       9940.0000   2.9759872e-13
       9950.0000   2.9758957e-13
       9960.0000   2.9795033e-13
       9970.0000   2.9855462e-13
       9980.0000   2.9915890e-13
       9990.0000   2.9976319e-13
       10000.000   2.9874524e-13
       10010.000   2.9722337e-13
       10020.000   2.9570150e-13
       10030.000   2.9417963e-13
       10040.000   2.9437666e-13
       10050.000   2.9474377e-13
       10060.000   2.9511088e-13
       10070.000   2.9547344e-13
       10080.000   2.9572661e-13
       10090.000   2.9597978e-13
       10100.000   2.9623295e-13
       10110.000   2.9660575e-13
       10120.000   2.9760682e-13
       10130.000   2.9860789e-13
       10140.000   2.9960896e-13
       10150.000   3.0032209e-13
       10160.000   3.0025678e-13
       10170.000   3.0019148e-13
       10180.000   3.0012617e-13
       10190.000   2.9998517e-13
       10200.000   2.9970959e-13
       10210.000   2.9943401e-13
       10220.000   2.9915843e-13
       10230.000   2.9906501e-13
       10240.000   2.9920338e-13
       10250.000   2.9934176e-13
       10260.000   2.9948014e-13
       10270.000   2.9922793e-13
       10280.000   2.9860054e-13
       10290.000   2.9797315e-13
       10300.000   2.9734575e-13
       10310.000   2.9721893e-13
       10320.000   2.9748531e-13
       10330.000   2.9775169e-13
       10340.000   2.9801807e-13
       10350.000   2.9801872e-13
       10360.000   2.9784220e-13
       10370.000   2.9766569e-13
       10380.000   2.9748918e-13
       10390.000   2.9810737e-13
       10400.000   2.9917250e-13
       10410.000   3.0023764e-13
       10420.000   3.0130277e-13
       10430.000   3.0167729e-13
       10440.000   3.0167979e-13
       10450.000   3.0168228e-13
       10460.000   3.0168478e-13
       10470.000   3.0145776e-13
       10480.000   3.0111255e-13
       10490.000   3.0076733e-13
       10500.000   3.0042211e-13
       10510.000   2.9989292e-13
       10520.000   2.9926895e-13
       10530.000   2.9864497e-13
       10540.000   2.9802100e-13
       10550.000   2.9782425e-13
       10560.000   2.9786788e-13
       10570.000   2.9791151e-13
       10580.000   2.9795515e-13
       10590.000   2.9783907e-13
       10600.000   2.9762511e-13
       10610.000   2.9741115e-13
       10620.000   2.9719719e-13
       10630.000   2.9726161e-13
       10640.000   2.9752762e-13
       10650.000   2.9779364e-13
       10660.000   2.9805965e-13
       10670.000   2.9790799e-13
       10680.000   2.9738590e-13
       10690.000   2.9686381e-13
       10700.000   2.9634172e-13
       10710.000   2.9621318e-13
       10720.000   2.9652855e-13
       10730.000   2.9684392e-13
       10740.000   2.9715929e-13
       10750.000   2.9723000e-13
       10760.000   2.9694870e-13
       10770.000   2.9666741e-13
       10780.000   2.9638611e-13
       10790.000   2.9644469e-13
       10800.000   2.9719340e-13
       10810.000   2.9794210e-13
       10820.000   2.9869081e-13
       10830.000   2.9928136e-13
       10840.000   2.9937123e-13
       10850.000   2.9946109e-13
       10860.000   2.9955096e-13
       10870.000   2.9935572e-13
       10880.000   2.9740975e-13
       10890.000   2.9546377e-13
       10900.000   2.9351779e-13
       10910.000   2.9160178e-13
       10920.000   2.9040593e-13
       10930.000   2.8921007e-13
       10940.000   2.8801422e-13
       10950.000   2.8681837e-13
       10960.000   2.8676236e-13
       10970.000   2.8680545e-13
       10980.000   2.8684853e-13
       10990.000   2.8689162e-13
       11000.000   2.8742406e-13
       11010.000   2.8808664e-13
       11020.000   2.8874922e-13
       11030.000   2.8941180e-13
       11040.000   2.8928441e-13
       11050.000   2.8874999e-13
       11060.000   2.8821556e-13
       11070.000   2.8768114e-13
       11080.000   2.8740478e-13
       11090.000   2.8736669e-13
       11100.000   2.8732860e-13
       11110.000   2.8729052e-13
       11120.000   2.8718942e-13
       11130.000   2.8698102e-13
       11140.000   2.8677262e-13
       11150.000   2.8656422e-13
       11160.000   2.8629713e-13
       11170.000   2.8580922e-13
       11180.000   2.8532130e-13
       11190.000   2.8483338e-13
       11200.000   2.8434600e-13
       11210.000   2.8386877e-13
       11220.000   2.8339154e-13
       11230.000   2.8291431e-13
       11240.000   2.8243708e-13
       11250.000   2.8208455e-13
       11260.000   2.8175065e-13
       11270.000   2.8141676e-13
       11280.000   2.8108286e-13
       11290.000   2.7975164e-13
       11300.000   2.7797244e-13
       11310.000   2.7619324e-13
       11320.000   2.7441403e-13
       11330.000   2.7292210e-13
       11340.000   2.7171756e-13
       11350.000   2.7051302e-13
       11360.000   2.6930848e-13
       11370.000   2.6842941e-13
       11380.000   2.6827492e-13
       11390.000   2.6812043e-13
       11400.000   2.6796594e-13
       11410.000   2.6788884e-13
       11420.000   2.6843820e-13
       11430.000   2.6898755e-13
       11440.000   2.6953691e-13
       11450.000   2.7008626e-13
       11460.000   2.7146555e-13
       11470.000   2.7293705e-13
       11480.000   2.7440854e-13
       11490.000   2.7588004e-13
       11500.000   2.7656497e-13
       11510.000   2.7687972e-13
       11520.000   2.7719447e-13
       11530.000   2.7750921e-13
       11540.000   2.7751160e-13
       11550.000   2.7714725e-13
       11560.000   2.7678290e-13
       11570.000   2.7641855e-13
       11580.000   2.7601305e-13
       11590.000   2.7546978e-13
       11600.000   2.7492650e-13
       11610.000   2.7438323e-13
       11620.000   2.7383999e-13
       11630.000   2.7363847e-13
       11640.000   2.7343695e-13
       11650.000   2.7323544e-13
       11660.000   2.7303392e-13
       11670.000   2.7245415e-13
       11680.000   2.7175498e-13
       11690.000   2.7105581e-13
       11700.000   2.7035664e-13
       11710.000   2.6976012e-13
       11720.000   2.6925834e-13
       11730.000   2.6875656e-13
       11740.000   2.6825479e-13
       11750.000   2.6775731e-13
       11760.000   2.6727148e-13
       11770.000   2.6678565e-13
       11780.000   2.6629982e-13
       11790.000   2.6582207e-13
       11800.000   2.6573965e-13
       11810.000   2.6565724e-13
       11820.000   2.6557483e-13
       11830.000   2.6549242e-13
       11840.000   2.6545703e-13
       11850.000   2.6543649e-13
       11860.000   2.6541596e-13
       11870.000   2.6539542e-13
       11880.000   2.6502182e-13
       11890.000   2.6428066e-13
       11900.000   2.6353950e-13
       11910.000   2.6279833e-13
       11920.000   2.6216572e-13
       11930.000   2.6189637e-13
       11940.000   2.6162702e-13
       11950.000   2.6135768e-13
       11960.000   2.6108833e-13
       11970.000   2.6105092e-13
       11980.000   2.6102572e-13
       11990.000   2.6100052e-13
