       3000.0000   2.4893084e-16
       3010.0000   2.5789343e-16
       3020.0000   2.6710144e-16
       3030.0000   2.7655905e-16
       3040.0000   2.8627047e-16
       3050.0000   2.9623986e-16
       3060.0000   3.0647145e-16
       3070.0000   3.1696941e-16
       3080.0000   3.2773796e-16
       3090.0000   3.3878128e-16
       3100.0000   3.5010357e-16
       3110.0000   3.6170902e-16
       3120.0000   3.7360181e-16
       3130.0000   3.8578612e-16
       3140.0000   3.9826611e-16
       3150.0000   4.1104594e-16
       3160.0000   4.2412976e-16
       3170.0000   4.3752169e-16
       3180.0000   4.5122587e-16
       3190.0000   4.6524638e-16
       3200.0000   4.7958731e-16
       3210.0000   4.9425273e-16
       3220.0000   5.0924669e-16
       3230.0000   5.2457321e-16
       3240.0000   5.4023630e-16
       3250.0000   5.5623992e-16
       3260.0000   5.7258805e-16
       3270.0000   5.8928459e-16
       3280.0000   6.0633346e-16
       3290.0000   6.2373852e-16
       3300.0000   6.4150361e-16
       3310.0000   6.5963254e-16
       3320.0000   6.7812907e-16
       3330.0000   6.9699696e-16
       3340.0000   7.1623990e-16
       3350.0000   7.3586157e-16
       3360.0000   7.5586559e-16
       3370.0000   7.7625555e-16
       3380.0000   7.9703501e-16
       3390.0000   8.1820747e-16
       3400.0000   8.3977640e-16
       3410.0000   8.6174523e-16
       3420.0000   8.8411733e-16
       3430.0000   9.0689604e-16
       3440.0000   9.3008464e-16
       3450.0000   9.5368638e-16
       3460.0000   9.7770444e-16
       3470.0000   1.0021420e-15
       3480.0000   1.0270021e-15
       3490.0000   1.0522878e-15
       3500.0000   1.0780020e-15
       3510.0000   1.1041478e-15
       3520.0000   1.1307280e-15
       3530.0000   1.1577454e-15
       3540.0000   1.1852029e-15
       3550.0000   1.2131030e-15
       3560.0000   1.2414485e-15
       3570.0000   1.2702420e-15
       3580.0000   1.2994860e-15
       3590.0000   1.3291830e-15
       3600.0000   1.3593354e-15
       3610.0000   1.3899456e-15
       3620.0000   1.4210159e-15
       3630.0000   1.4525485e-15
       3640.0000   1.4845455e-15
       3650.0000   1.5170093e-15
       3660.0000   1.5499416e-15
       3670.0000   1.5833447e-15
       3680.0000   1.6172203e-15
       3690.0000   1.6515703e-15
       3700.0000   1.6863966e-15
       3710.0000   1.7217009e-15
       3720.0000   1.7574848e-15
       3730.0000   1.7937500e-15
       3740.0000   1.8304979e-15
       3750.0000   1.8677300e-15
       3760.0000   1.9054478e-15
       3770.0000   1.9436525e-15
       3780.0000   1.9823455e-15
       3790.0000   2.0215279e-15
       3800.0000   2.0612008e-15
       3810.0000   2.1013654e-15
       3820.0000   2.1420226e-15
       3830.0000   2.1521011e-15
       3840.0000   2.6283758e-15
       3850.0000   2.1905738e-15
       3860.0000   2.0464537e-15
       3870.0000   2.1386800e-15
       3880.0000   2.2832801e-15
       3890.0000   2.2625613e-15
       3900.0000   2.2703859e-15
       3910.0000   2.5871092e-15
       3920.0000   2.5330021e-15
       3930.0000   3.1676075e-15
       3940.0000   3.0220052e-15
       3950.0000   2.1554744e-15
       3960.0000   2.9589021e-15
       3970.0000   3.4968700e-15
       3980.0000   3.4628976e-15
       3990.0000   3.6426774e-15
       4000.0000   3.7431126e-15
       4010.0000   3.7297238e-15
       4020.0000   3.6318240e-15
       4030.0000   3.3528045e-15
       4040.0000   3.3925817e-15
       4050.0000   3.7697188e-15
       4060.0000   3.8031284e-15
       4070.0000   3.5889727e-15
       4080.0000   3.5049033e-15
       4090.0000   3.5911396e-15
       4100.0000   3.9514870e-15
       4110.0000   3.9745440e-15
       4120.0000   3.6251883e-15
       4130.0000   3.4114632e-15
       4140.0000   3.3193744e-15
       4150.0000   3.5364758e-15
       4160.0000   3.6958837e-15
       4170.0000   3.5069913e-15
       4180.0000   3.4099101e-15
       4190.0000   3.5555165e-15
       4200.0000   3.3676752e-15
       4210.0000   2.9726181e-15
       4220.0000   1.9971334e-15
       4230.0000   1.8477228e-15
       4240.0000   2.4049110e-15
       4250.0000   2.4510329e-15
       4260.0000   2.7255313e-15
       4270.0000   2.9677255e-15
       4280.0000   3.0662123e-15
       4290.0000   3.1886993e-15
       4300.0000   3.2176965e-15
       4310.0000   3.4433451e-15
       4320.0000   3.7382508e-15
       4330.0000   4.3063076e-15
       4340.0000   5.0740180e-15
       4350.0000   4.5762672e-15
       4360.0000   3.9145469e-15
       4370.0000   4.1296735e-15
       4380.0000   4.2070337e-15
       4390.0000   4.3146878e-15
       4400.0000   4.4879688e-15
       4410.0000   4.8821502e-15
       4420.0000   5.1754526e-15
       4430.0000   5.2530788e-15
       4440.0000   5.7666569e-15
       4450.0000   5.8494467e-15
       4460.0000   6.0008874e-15
       4470.0000   6.8901447e-15
       4480.0000   7.3067828e-15
       4490.0000   7.4189309e-15
       4500.0000   7.6277774e-15
       4510.0000   7.5925776e-15
       4520.0000   7.7769104e-15
       4530.0000   8.0627947e-15
       4540.0000   8.1850146e-15
       4550.0000   8.4666083e-15
       4560.0000   9.4261117e-15
       4570.0000   1.0262262e-14
       4580.0000   9.4404694e-15
       4590.0000   8.8199128e-15
       4600.0000   9.0364404e-15
       4610.0000   1.0071047e-14
       4620.0000   1.0454079e-14
       4630.0000   9.3510730e-15
       4640.0000   9.1666146e-15
       4650.0000   9.7439397e-15
       4660.0000   1.0262138e-14
       4670.0000   9.5104151e-15
       4680.0000   8.8063084e-15
       4690.0000   9.6466737e-15
       4700.0000   1.0409135e-14
       4710.0000   1.0219997e-14
       4720.0000   1.0068811e-14
       4730.0000   1.0485634e-14
       4740.0000   1.0925609e-14
       4750.0000   1.1331420e-14
       4760.0000   9.1531506e-15
       4770.0000   7.1418778e-15
       4780.0000   7.7266066e-15
       4790.0000   8.7435685e-15
       4800.0000   8.9818871e-15
       4810.0000   8.3780663e-15
       4820.0000   8.5986756e-15
       4830.0000   9.3887674e-15
       4840.0000   9.4815620e-15
       4850.0000   9.0848435e-15
       4860.0000   9.7043170e-15
       4870.0000   1.0214311e-14
       4880.0000   1.0342064e-14
       4890.0000   1.0771461e-14
       4900.0000   1.1541752e-14
       4910.0000   1.2721189e-14
       4920.0000   1.3835276e-14
       4930.0000   1.4475883e-14
       4940.0000   1.5287970e-14
       4950.0000   1.3520025e-14
       4960.0000   9.6745571e-15
       4970.0000   9.3858103e-15
       4980.0000   1.0560575e-14
       4990.0000   1.0926454e-14
       5000.0000   1.0100183e-14
       5010.0000   9.2775595e-15
       5020.0000   1.0058905e-14
       5030.0000   1.0962443e-14
       5040.0000   1.1731355e-14
       5050.0000   1.1952934e-14
       5060.0000   1.1897835e-14
       5070.0000   1.2257130e-14
       5080.0000   1.2527495e-14
       5090.0000   1.2732878e-14
       5100.0000   1.2388963e-14
       5110.0000   1.2642679e-14
       5120.0000   1.2987200e-14
       5130.0000   1.3187487e-14
       5140.0000   1.3460489e-14
       5150.0000   1.3181254e-14
       5160.0000   1.2833595e-14
       5170.0000   9.6827066e-15
       5180.0000   8.1713790e-15
       5190.0000   1.0538642e-14
       5200.0000   1.0500281e-14
       5210.0000   1.1911528e-14
       5220.0000   1.5239496e-14
       5230.0000   1.6393175e-14
       5240.0000   1.5877263e-14
       5250.0000   1.5836811e-14
       5260.0000   1.5178692e-14
       5270.0000   1.5041847e-14
       5280.0000   1.6991777e-14
       5290.0000   1.7626923e-14
       5300.0000   1.8064871e-14
       5310.0000   1.8214156e-14
       5320.0000   1.7651558e-14
       5330.0000   1.7668283e-14
       5340.0000   1.8291304e-14
       5350.0000   1.9600609e-14
       5360.0000   2.0044104e-14
       5370.0000   1.9825156e-14
       5380.0000   2.1140236e-14
       5390.0000   2.1671261e-14
       5400.0000   2.1425632e-14
       5410.0000   2.2087293e-14
       5420.0000   2.2651794e-14
       5430.0000   2.2624577e-14
       5440.0000   2.1937521e-14
       5450.0000   1.7419394e-14
       5460.0000   1.4910555e-14
       5470.0000   1.6712783e-14
       5480.0000   1.7521148e-14
       5490.0000   1.7568965e-14
       5500.0000   1.5440190e-14
       5510.0000   1.3741511e-14
       5520.0000   1.3592394e-14
       5530.0000   1.3078650e-14
       5540.0000   1.2491765e-14
       5550.0000   1.3122356e-14
       5560.0000   1.5115846e-14
       5570.0000   1.6774856e-14
       5580.0000   1.7618988e-14
       5590.0000   1.7509021e-14
       5600.0000   1.6408661e-14
       5610.0000   1.6092119e-14
       5620.0000   1.6135295e-14
       5630.0000   1.5842788e-14
       5640.0000   1.6213453e-14
       5650.0000   1.7755981e-14
       5660.0000   1.7978486e-14
       5670.0000   1.7260934e-14
       5680.0000   1.8103085e-14
       5690.0000   1.9224715e-14
       5700.0000   2.0458848e-14
       5710.0000   2.0919927e-14
       5720.0000   2.0505982e-14
       5730.0000   2.1051183e-14
       5740.0000   2.2367160e-14
       5750.0000   2.3403644e-14
       5760.0000   2.1518141e-14
       5770.0000   1.9843880e-14
       5780.0000   2.1269727e-14
       5790.0000   2.3053029e-14
       5800.0000   2.4671148e-14
       5810.0000   2.2627658e-14
       5820.0000   1.9892221e-14
       5830.0000   2.0310284e-14
       5840.0000   2.0125554e-14
       5850.0000   1.7703549e-14
       5860.0000   1.5420259e-14
       5870.0000   1.3973790e-14
       5880.0000   1.1034097e-14
       5890.0000   7.7868838e-15
       5900.0000   8.5489426e-15
       5910.0000   1.1423677e-14
       5920.0000   1.2493288e-14
       5930.0000   1.3620572e-14
       5940.0000   1.4946521e-14
       5950.0000   1.4695714e-14
       5960.0000   1.4316216e-14
       5970.0000   1.4803085e-14
       5980.0000   1.5700520e-14
       5990.0000   1.7162446e-14
       6000.0000   1.7486401e-14
       6010.0000   1.7584645e-14
       6020.0000   1.8659121e-14
       6030.0000   1.9150375e-14
       6040.0000   2.0055337e-14
       6050.0000   2.1234126e-14
       6060.0000   2.1511120e-14
       6070.0000   2.1849640e-14
       6080.0000   2.1892637e-14
       6090.0000   2.2343464e-14
       6100.0000   2.2628535e-14
       6110.0000   2.2329707e-14
       6120.0000   2.2041126e-14
       6130.0000   2.1939677e-14
       6140.0000   2.2390079e-14
       6150.0000   2.0278306e-14
       6160.0000   1.5294477e-14
       6170.0000   1.2940227e-14
       6180.0000   1.2826847e-14
       6190.0000   1.1929332e-14
       6200.0000   1.2073194e-14
       6210.0000   1.1928889e-14
       6220.0000   1.0760915e-14
       6230.0000   1.0536912e-14
       6240.0000   1.1161838e-14
       6250.0000   1.2224157e-14
       6260.0000   1.3579744e-14
       6270.0000   1.4455256e-14
       6280.0000   1.5510507e-14
       6290.0000   1.7330133e-14
       6300.0000   1.9578752e-14
       6310.0000   2.1963576e-14
       6320.0000   2.3284698e-14
       6330.0000   2.4580808e-14
       6340.0000   2.6934678e-14
       6350.0000   2.7084953e-14
       6360.0000   2.5462646e-14
       6370.0000   2.5047994e-14
       6380.0000   2.3788753e-14
       6390.0000   2.4453255e-14
       6400.0000   2.8466491e-14
       6410.0000   3.0423132e-14
       6420.0000   2.9916604e-14
       6430.0000   3.0128780e-14
       6440.0000   3.1994500e-14
       6450.0000   3.3406032e-14
       6460.0000   3.4345731e-14
       6470.0000   3.6292552e-14
       6480.0000   3.5895931e-14
       6490.0000   3.4518770e-14
       6500.0000   3.7230445e-14
       6510.0000   3.9974449e-14
       6520.0000   4.1873814e-14
       6530.0000   4.5157297e-14
       6540.0000   4.5623120e-14
       6550.0000   4.2857834e-14
       6560.0000   4.1982716e-14
       6570.0000   3.9212205e-14
       6580.0000   3.6728678e-14
       6590.0000   3.7000744e-14
       6600.0000   3.6204162e-14
       6610.0000   3.5937315e-14
       6620.0000   3.3752373e-14
       6630.0000   3.1389037e-14
       6640.0000   3.1055233e-14
       6650.0000   2.8245356e-14
       6660.0000   2.6907307e-14
       6670.0000   2.8560686e-14
       6680.0000   2.6157440e-14
       6690.0000   2.4192098e-14
       6700.0000   2.5731544e-14
       6710.0000   2.4874668e-14
       6720.0000   2.2487574e-14
       6730.0000   2.2786879e-14
       6740.0000   2.3796515e-14
       6750.0000   2.3536274e-14
       6760.0000   2.4355637e-14
       6770.0000   2.6205979e-14
       6780.0000   2.4797217e-14
       6790.0000   2.3084901e-14
       6800.0000   2.4017584e-14
       6810.0000   2.4581256e-14
       6820.0000   2.4757600e-14
       6830.0000   2.5457416e-14
       6840.0000   2.6022703e-14
       6850.0000   2.5130656e-14
       6860.0000   2.4835956e-14
       6870.0000   2.6251513e-14
       6880.0000   2.7019804e-14
       6890.0000   2.7564688e-14
       6900.0000   2.8654366e-14
       6910.0000   2.9654395e-14
       6920.0000   3.1631504e-14
       6930.0000   3.4854139e-14
       6940.0000   3.9094631e-14
       6950.0000   4.1059381e-14
       6960.0000   4.1270236e-14
       6970.0000   4.2810937e-14
       6980.0000   4.4723233e-14
       6990.0000   4.5562031e-14
       7000.0000   4.6351134e-14
       7010.0000   4.9173463e-14
       7020.0000   5.1990814e-14
       7030.0000   5.7176650e-14
       7040.0000   6.4555783e-14
       7050.0000   5.7186297e-14
       7060.0000   4.1915774e-14
       7070.0000   3.9864993e-14
       7080.0000   4.0711220e-14
       7090.0000   3.3861133e-14
       7100.0000   3.1032661e-14
       7110.0000   3.5837002e-14
       7120.0000   3.4586686e-14
       7130.0000   2.7294148e-14
       7140.0000   2.5520096e-14
       7150.0000   2.8872513e-14
       7160.0000   3.0309148e-14
       7170.0000   3.1543373e-14
       7180.0000   3.5093136e-14
       7190.0000   3.6948477e-14
       7200.0000   3.5346010e-14
       7210.0000   3.5699101e-14
       7220.0000   3.9593936e-14
       7230.0000   4.2705572e-14
       7240.0000   4.5664263e-14
       7250.0000   4.9236101e-14
       7260.0000   5.2993755e-14
       7270.0000   5.4836143e-14
       7280.0000   5.6414956e-14
       7290.0000   6.0378177e-14
       7300.0000   6.4031689e-14
       7310.0000   6.7358754e-14
       7320.0000   6.9556207e-14
       7330.0000   7.2539093e-14
       7340.0000   7.5214561e-14
       7350.0000   7.5930206e-14
       7360.0000   7.8165128e-14
       7370.0000   8.1129958e-14
       7380.0000   8.3384155e-14
       7390.0000   8.4207703e-14
       7400.0000   8.4568746e-14
       7410.0000   8.5439947e-14
       7420.0000   8.6532366e-14
       7430.0000   8.7732405e-14
       7440.0000   8.7586278e-14
       7450.0000   8.7677460e-14
       7460.0000   8.8922251e-14
       7470.0000   9.0009309e-14
       7480.0000   9.0542693e-14
       7490.0000   9.0674045e-14
       7500.0000   9.2312916e-14
       7510.0000   9.4445442e-14
       7520.0000   9.4315976e-14
       7530.0000   9.5279821e-14
       7540.0000   9.8312339e-14
       7550.0000   9.9616645e-14
       7560.0000   9.8514652e-14
       7570.0000   9.9081703e-14
       7580.0000   9.8761247e-14
       7590.0000   8.8187211e-14
       7600.0000   8.0051633e-14
       7610.0000   8.4864572e-14
       7620.0000   8.5779706e-14
       7630.0000   7.7216932e-14
       7640.0000   7.2343177e-14
       7650.0000   7.1848567e-14
       7660.0000   5.7332078e-14
       7670.0000   4.9332350e-14
       7680.0000   5.7927305e-14
       7690.0000   5.6331084e-14
       7700.0000   5.3192590e-14
       7710.0000   5.9061791e-14
       7720.0000   6.5859642e-14
       7730.0000   7.0670349e-14
       7740.0000   7.0057942e-14
       7750.0000   6.4370455e-14
       7760.0000   6.3241665e-14
       7770.0000   6.6893256e-14
       7780.0000   6.6924409e-14
       7790.0000   6.6400574e-14
       7800.0000   7.0748554e-14
       7810.0000   7.5214209e-14
       7820.0000   7.3948468e-14
       7830.0000   7.0396028e-14
       7840.0000   7.1795692e-14
       7850.0000   7.5132742e-14
       7860.0000   7.5939873e-14
       7870.0000   7.6704589e-14
       7880.0000   8.0145593e-14
       7890.0000   8.2824281e-14
       7900.0000   8.1828214e-14
       7910.0000   7.9686688e-14
       7920.0000   8.0316199e-14
       7930.0000   8.3820963e-14
       7940.0000   8.4495033e-14
       7950.0000   8.5681673e-14
       7960.0000   8.9142691e-14
       7970.0000   9.1093639e-14
       7980.0000   9.1182541e-14
       7990.0000   9.0965113e-14
       8000.0000   9.3072578e-14
       8010.0000   9.5769592e-14
       8020.0000   9.7620013e-14
       8030.0000   9.9459658e-14
       8040.0000   1.0156426e-13
       8050.0000   1.0478254e-13
       8060.0000   1.0745440e-13
       8070.0000   1.0832569e-13
       8080.0000   1.1049925e-13
       8090.0000   1.1219719e-13
       8100.0000   1.1280782e-13
       8110.0000   1.1297817e-13
       8120.0000   1.1484597e-13
       8130.0000   1.1715256e-13
       8140.0000   1.1691508e-13
       8150.0000   1.1636159e-13
       8160.0000   1.1635291e-13
       8170.0000   1.1500298e-13
       8180.0000   1.0251424e-13
       8190.0000   8.7551235e-14
       8200.0000   9.5819812e-14
       8210.0000   1.0957367e-13
       8220.0000   1.1293581e-13
       8230.0000   1.1557090e-13
       8240.0000   1.1867424e-13
       8250.0000   1.1832213e-13
       8260.0000   1.1873148e-13
       8270.0000   1.1753682e-13
       8280.0000   1.1278856e-13
       8290.0000   1.1138730e-13
       8300.0000   1.0946823e-13
       8310.0000   1.0943679e-13
       8320.0000   1.0991547e-13
       8330.0000   1.0959416e-13
       8340.0000   1.1162717e-13
       8350.0000   1.1209531e-13
       8360.0000   1.1080499e-13
       8370.0000   1.0928959e-13
       8380.0000   1.0529534e-13
       8390.0000   1.0586417e-13
       8400.0000   1.1022737e-13
       8410.0000   1.1051710e-13
       8420.0000   1.0833142e-13
       8430.0000   1.0139004e-13
       8440.0000   9.6555425e-14
       8450.0000   9.4171735e-14
       8460.0000   9.1247338e-14
       8470.0000   9.1648310e-14
       8480.0000   9.3549319e-14
       8490.0000   9.4353799e-14
       8500.0000   9.3418771e-14
       8510.0000   9.1908372e-14
       8520.0000   9.2187837e-14
       8530.0000   9.4578226e-14
       8540.0000   9.4345773e-14
       8550.0000   9.6831032e-14
       8560.0000   1.0058526e-13
       8570.0000   1.0123253e-13
       8580.0000   1.0220502e-13
       8590.0000   1.0299530e-13
       8600.0000   1.0457634e-13
       8610.0000   1.0521076e-13
       8620.0000   1.0493983e-13
       8630.0000   1.0575350e-13
       8640.0000   1.0611389e-13
       8650.0000   1.0589043e-13
       8660.0000   1.0388038e-13
       8670.0000   1.0466798e-13
       8680.0000   1.0602264e-13
       8690.0000   1.0312122e-13
       8700.0000   1.0394003e-13
       8710.0000   1.0506969e-13
       8720.0000   1.0589582e-13
       8730.0000   1.0763787e-13
       8740.0000   1.0918726e-13
       8750.0000   1.1221691e-13
       8760.0000   1.1326648e-13
       8770.0000   1.1471904e-13
       8780.0000   1.1607000e-13
       8790.0000   1.1697224e-13
       8800.0000   1.1373934e-13
       8810.0000   1.1538672e-13
       8820.0000   1.1849966e-13
       8830.0000   1.1843128e-13
       8840.0000   1.2004879e-13
       8850.0000   1.1929063e-13
       8860.0000   1.1436906e-13
       8870.0000   1.0679820e-13
       8880.0000   1.0761284e-13
       8890.0000   1.1033645e-13
       8900.0000   1.1307098e-13
       8910.0000   1.1666242e-13
       8920.0000   1.1727416e-13
       8930.0000   1.1763116e-13
       8940.0000   1.1603283e-13
       8950.0000   1.1388892e-13
       8960.0000   1.1202366e-13
       8970.0000   1.1264044e-13
       8980.0000   1.1368257e-13
       8990.0000   1.1329995e-13
       9000.0000   1.1483143e-13
       9010.0000   1.1591435e-13
       9020.0000   1.1495334e-13
       9030.0000   1.2164501e-13
       9040.0000   1.2979264e-13
       9050.0000   1.2871617e-13
       9060.0000   1.2411526e-13
       9070.0000   1.2016686e-13
       9080.0000   1.1913476e-13
       9090.0000   1.2117323e-13
       9100.0000   1.2347793e-13
       9110.0000   1.2587074e-13
       9120.0000   1.2877733e-13
       9130.0000   1.2478200e-13
       9140.0000   1.2603960e-13
       9150.0000   1.2717108e-13
       9160.0000   1.2860995e-13
       9170.0000   1.2970532e-13
       9180.0000   1.2856998e-13
       9190.0000   1.3674890e-13
       9200.0000   1.3742967e-13
       9210.0000   1.4996857e-13
       9220.0000   1.5361672e-13
       9230.0000   1.5290555e-13
       9240.0000   1.5219438e-13
       9250.0000   1.5145728e-13
       9260.0000   1.5057211e-13
       9270.0000   1.4968695e-13
       9280.0000   1.4880178e-13
       9290.0000   1.4819897e-13
       9300.0000   1.4777746e-13
       9310.0000   1.4735595e-13
       9320.0000   1.4692847e-13
       9330.0000   1.4638985e-13
       9340.0000   1.4585122e-13
       9350.0000   1.4531260e-13
       9360.0000   1.4545681e-13
       9370.0000   1.4634957e-13
       9380.0000   1.4724233e-13
       9390.0000   1.4813509e-13
       9400.0000   1.4903040e-13
       9410.0000   1.4992604e-13
       9420.0000   1.5082168e-13
       9430.0000   1.5177217e-13
       9440.0000   1.5286517e-13
       9450.0000   1.5395818e-13
       9460.0000   1.5505118e-13
       9470.0000   1.5627510e-13
       9480.0000   1.5756830e-13
       9490.0000   1.5886149e-13
       9500.0000   1.6013687e-13
       9510.0000   1.6005835e-13
       9520.0000   1.5997983e-13
       9530.0000   1.5990131e-13
       9540.0000   1.5982960e-13
       9550.0000   1.5977023e-13
       9560.0000   1.5971085e-13
       9570.0000   1.5965148e-13
       9580.0000   1.5941231e-13
       9590.0000   1.5908931e-13
       9600.0000   1.5876632e-13
       9610.0000   1.5844333e-13
       9620.0000   1.5845550e-13
       9630.0000   1.5847004e-13
       9640.0000   1.5848458e-13
       9650.0000   1.5850472e-13
       9660.0000   1.5853865e-13
       9670.0000   1.5857257e-13
       9680.0000   1.5860650e-13
       9690.0000   1.5868415e-13
       9700.0000   1.5879505e-13
       9710.0000   1.5890596e-13
       9720.0000   1.5901687e-13
       9730.0000   1.5924925e-13
       9740.0000   1.5950598e-13
       9750.0000   1.5976272e-13
       9760.0000   1.6001254e-13
       9770.0000   1.6018502e-13
       9780.0000   1.6035749e-13
       9790.0000   1.6052996e-13
       9800.0000   1.6061331e-13
       9810.0000   1.6050376e-13
       9820.0000   1.6039421e-13
       9830.0000   1.6028465e-13
       9840.0000   1.5943291e-13
       9850.0000   1.5793598e-13
       9860.0000   1.5643906e-13
       9870.0000   1.5494213e-13
       9880.0000   1.5348363e-13
       9890.0000   1.5203862e-13
       9900.0000   1.5059362e-13
       9910.0000   1.4914862e-13
       9920.0000   1.4809680e-13
       9930.0000   1.4707459e-13
       9940.0000   1.4605237e-13
       9950.0000   1.4525485e-13
       9960.0000   1.4635324e-13
       9970.0000   1.4745162e-13
       9980.0000   1.4855000e-13
       9990.0000   1.4953132e-13
       10000.000   1.5019303e-13
       10010.000   1.5085474e-13
       10020.000   1.5151644e-13
       10030.000   1.5221848e-13
       10040.000   1.5297624e-13
       10050.000   1.5373400e-13
       10060.000   1.5449175e-13
       10070.000   1.5515846e-13
       10080.000   1.5575064e-13
       10090.000   1.5634283e-13
       10100.000   1.5693501e-13
       10110.000   1.5726887e-13
       10120.000   1.5747550e-13
       10130.000   1.5768214e-13
       10140.000   1.5788877e-13
       10150.000   1.5755575e-13
       10160.000   1.5707050e-13
       10170.000   1.5658525e-13
       10180.000   1.5610000e-13
       10190.000   1.5595723e-13
       10200.000   1.5586563e-13
       10210.000   1.5577404e-13
       10220.000   1.5568244e-13
       10230.000   1.5562454e-13
       10240.000   1.5556805e-13
       10250.000   1.5551156e-13
       10260.000   1.5545549e-13
       10270.000   1.5542022e-13
       10280.000   1.5538494e-13
       10290.000   1.5534967e-13
       10300.000   1.5534157e-13
       10310.000   1.5564606e-13
       10320.000   1.5595055e-13
       10330.000   1.5625505e-13
       10340.000   1.5661001e-13
       10350.000   1.5730280e-13
       10360.000   1.5799559e-13
       10370.000   1.5868838e-13
       10380.000   1.5938118e-13
       10390.000   1.6007403e-13
       10400.000   1.6076689e-13
       10410.000   1.6145974e-13
       10420.000   1.6209678e-13
       10430.000   1.6247951e-13
       10440.000   1.6286225e-13
       10450.000   1.6324498e-13
       10460.000   1.6354202e-13
       10470.000   1.6347380e-13
       10480.000   1.6340558e-13
       10490.000   1.6333737e-13
       10500.000   1.6325180e-13
       10510.000   1.6308724e-13
       10520.000   1.6292268e-13
       10530.000   1.6275811e-13
       10540.000   1.6259767e-13
       10550.000   1.6245731e-13
       10560.000   1.6231695e-13
       10570.000   1.6217659e-13
       10580.000   1.6209815e-13
       10590.000   1.6237058e-13
       10600.000   1.6264301e-13
       10610.000   1.6291544e-13
       10620.000   1.6321547e-13
       10630.000   1.6373886e-13
       10640.000   1.6426225e-13
       10650.000   1.6478563e-13
       10660.000   1.6529163e-13
       10670.000   1.6552492e-13
       10680.000   1.6575821e-13
       10690.000   1.6599150e-13
       10700.000   1.6622597e-13
       10710.000   1.6657730e-13
       10720.000   1.6692864e-13
       10730.000   1.6727998e-13
       10740.000   1.6763131e-13
       10750.000   1.6800261e-13
       10760.000   1.6837518e-13
       10770.000   1.6874775e-13
       10780.000   1.6912032e-13
       10790.000   1.6954645e-13
       10800.000   1.6998130e-13
       10810.000   1.7041615e-13
       10820.000   1.7085100e-13
       10830.000   1.7145058e-13
       10840.000   1.7209661e-13
       10850.000   1.7274264e-13
       10860.000   1.7338867e-13
       10870.000   1.7345115e-13
       10880.000   1.7323898e-13
       10890.000   1.7302681e-13
       10900.000   1.7281464e-13
       10910.000   1.7239570e-13
       10920.000   1.7182702e-13
       10930.000   1.7125834e-13
       10940.000   1.7068966e-13
       10950.000   1.7052520e-13
       10960.000   1.7083532e-13
       10970.000   1.7114544e-13
       10980.000   1.7145555e-13
       10990.000   1.7152076e-13
       11000.000   1.7111061e-13
       11010.000   1.7070047e-13
       11020.000   1.7029032e-13
       11030.000   1.6983002e-13
       11040.000   1.6918099e-13
       11050.000   1.6853195e-13
       11060.000   1.6788292e-13
       11070.000   1.6727690e-13
       11080.000   1.6734510e-13
       11090.000   1.6741331e-13
       11100.000   1.6748152e-13
       11110.000   1.6754973e-13
       11120.000   1.6765528e-13
       11130.000   1.6776409e-13
       11140.000   1.6787290e-13
       11150.000   1.6798171e-13
       11160.000   1.6785926e-13
       11170.000   1.6766382e-13
       11180.000   1.6746837e-13
       11190.000   1.6727293e-13
       11200.000   1.6713221e-13
       11210.000   1.6702953e-13
       11220.000   1.6692686e-13
       11230.000   1.6682418e-13
       11240.000   1.6671654e-13
       11250.000   1.6660204e-13
       11260.000   1.6648754e-13
       11270.000   1.6637303e-13
       11280.000   1.6594040e-13
       11290.000   1.6450001e-13
       11300.000   1.6305963e-13
       11310.000   1.6161924e-13
       11320.000   1.6017926e-13
       11330.000   1.5874698e-13
       11340.000   1.5731470e-13
       11350.000   1.5588243e-13
       11360.000   1.5445015e-13
       11370.000   1.5372978e-13
       11380.000   1.5312525e-13
       11390.000   1.5252071e-13
       11400.000   1.5191618e-13
       11410.000   1.5233930e-13
       11420.000   1.5329167e-13
       11430.000   1.5424405e-13
       11440.000   1.5519642e-13
       11450.000   1.5652659e-13
       11460.000   1.5831850e-13
       11470.000   1.6011041e-13
       11480.000   1.6190233e-13
       11490.000   1.6342502e-13
       11500.000   1.6409537e-13
       11510.000   1.6476572e-13
       11520.000   1.6543607e-13
       11530.000   1.6608772e-13
       11540.000   1.6582444e-13
       11550.000   1.6556115e-13
       11560.000   1.6529786e-13
       11570.000   1.6503457e-13
       11580.000   1.6475014e-13
       11590.000   1.6446011e-13
       11600.000   1.6417007e-13
       11610.000   1.6388003e-13
       11620.000   1.6337751e-13
       11630.000   1.6270800e-13
       11640.000   1.6203849e-13
       11650.000   1.6136898e-13
       11660.000   1.6075423e-13
       11670.000   1.6025588e-13
       11680.000   1.5975753e-13
       11690.000   1.5925918e-13
       11700.000   1.5875849e-13
       11710.000   1.5823084e-13
       11720.000   1.5770320e-13
       11730.000   1.5717555e-13
       11740.000   1.5664790e-13
       11750.000   1.5655663e-13
       11760.000   1.5655475e-13
       11770.000   1.5655287e-13
       11780.000   1.5655099e-13
       11790.000   1.5656179e-13
       11800.000   1.5658178e-13
       11810.000   1.5660176e-13
       11820.000   1.5662174e-13
       11830.000   1.5674449e-13
       11840.000   1.5708561e-13
       11850.000   1.5742673e-13
       11860.000   1.5776785e-13
       11870.000   1.5806670e-13
       11880.000   1.5756242e-13
       11890.000   1.5705814e-13
       11900.000   1.5655386e-13
       11910.000   1.5604958e-13
       11920.000   1.5553645e-13
       11930.000   1.5502096e-13
       11940.000   1.5450547e-13
       11950.000   1.5398998e-13
       11960.000   1.5352026e-13
       11970.000   1.5309280e-13
       11980.000   1.5266535e-13
       11990.000   1.5223789e-13
