       3000.0000   3.8621374e-17
       3010.0000   4.0183492e-17
       3020.0000   4.1795517e-17
       3030.0000   4.3458551e-17
       3040.0000   4.5173707e-17
       3050.0000   4.6942105e-17
       3060.0000   4.8764877e-17
       3070.0000   5.0643160e-17
       3080.0000   5.2578104e-17
       3090.0000   5.4570864e-17
       3100.0000   5.6622604e-17
       3110.0000   5.8734495e-17
       3120.0000   6.0907717e-17
       3130.0000   6.3143455e-17
       3140.0000   6.5442901e-17
       3150.0000   6.7807255e-17
       3160.0000   7.0237722e-17
       3170.0000   7.2735511e-17
       3180.0000   7.5301840e-17
       3190.0000   7.7937929e-17
       3200.0000   8.0645004e-17
       3210.0000   8.3424294e-17
       3220.0000   8.6277034e-17
       3230.0000   8.9204462e-17
       3240.0000   9.2207819e-17
       3250.0000   9.5288348e-17
       3260.0000   9.8447296e-17
       3270.0000   1.0168591e-16
       3280.0000   1.0500545e-16
       3290.0000   1.0840715e-16
       3300.0000   1.1189228e-16
       3310.0000   1.1546208e-16
       3320.0000   1.1911782e-16
       3330.0000   1.2286074e-16
       3340.0000   1.2669211e-16
       3350.0000   1.3061317e-16
       3360.0000   1.3462517e-16
       3370.0000   1.3872937e-16
       3380.0000   1.4292702e-16
       3390.0000   1.4721936e-16
       3400.0000   1.5160764e-16
       3410.0000   1.5609310e-16
       3420.0000   1.6067697e-16
       3430.0000   1.6536050e-16
       3440.0000   1.7014491e-16
       3450.0000   1.7503143e-16
       3460.0000   1.8002129e-16
       3470.0000   1.8511569e-16
       3480.0000   1.9031585e-16
       3490.0000   1.9562297e-16
       3500.0000   2.0103826e-16
       3510.0000   2.0656290e-16
       3520.0000   2.1219809e-16
       3530.0000   2.1794501e-16
       3540.0000   2.2380481e-16
       3550.0000   2.2977868e-16
       3560.0000   2.3586776e-16
       3570.0000   2.4207320e-16
       3580.0000   2.4839615e-16
       3590.0000   2.5483772e-16
       3600.0000   2.6139904e-16
       3610.0000   2.6808123e-16
       3620.0000   2.7488537e-16
       3630.0000   2.8181257e-16
       3640.0000   2.8886390e-16
       3650.0000   2.9604043e-16
       3660.0000   3.0334322e-16
       3670.0000   3.1077331e-16
       3680.0000   3.1833173e-16
       3690.0000   3.2601952e-16
       3700.0000   3.3383768e-16
       3710.0000   3.4178720e-16
       3720.0000   3.4986908e-16
       3730.0000   3.5808428e-16
       3740.0000   3.6643377e-16
       3750.0000   3.7491848e-16
       3760.0000   3.8353934e-16
       3770.0000   3.9229729e-16
       3780.0000   4.0119320e-16
       3790.0000   4.1022799e-16
       3800.0000   4.1940251e-16
       3810.0000   4.2871763e-16
       3820.0000   4.3817419e-16
       3830.0000   7.4961630e-16
       3840.0000   7.5336128e-16
       3850.0000   5.3612638e-16
       3860.0000   5.0927589e-16
       3870.0000   5.5184091e-16
       3880.0000   6.6981621e-16
       3890.0000   7.0793215e-16
       3900.0000   6.4076115e-16
       3910.0000   6.7276390e-16
       3920.0000   5.9913448e-16
       3930.0000   1.0254983e-15
       3940.0000   1.0343303e-15
       3950.0000   5.8020440e-16
       3960.0000   1.0896151e-15
       3970.0000   1.3046223e-15
       3980.0000   9.8703789e-16
       3990.0000   8.8420862e-16
       4000.0000   8.8476367e-16
       4010.0000   9.2458829e-16
       4020.0000   9.1220463e-16
       4030.0000   8.0476567e-16
       4040.0000   7.8173917e-16
       4050.0000   8.7903708e-16
       4060.0000   8.6456467e-16
       4070.0000   7.7001774e-16
       4080.0000   7.4595403e-16
       4090.0000   7.7507214e-16
       4100.0000   9.6178092e-16
       4110.0000   9.1038869e-16
       4120.0000   7.0348447e-16
       4130.0000   7.4587761e-16
       4140.0000   7.3575829e-16
       4150.0000   7.3709565e-16
       4160.0000   7.6542764e-16
       4170.0000   7.5047312e-16
       4180.0000   7.4440963e-16
       4190.0000   7.3240643e-16
       4200.0000   6.7267386e-16
       4210.0000   6.0970825e-16
       4220.0000   4.2303633e-16
       4230.0000   3.4357483e-16
       4240.0000   5.0295901e-16
       4250.0000   5.6625164e-16
       4260.0000   5.6817172e-16
       4270.0000   6.0714252e-16
       4280.0000   6.4701279e-16
       4290.0000   7.1026306e-16
       4300.0000   7.1571890e-16
       4310.0000   7.2603724e-16
       4320.0000   8.1542097e-16
       4330.0000   1.0786635e-15
       4340.0000   1.3689757e-15
       4350.0000   1.1400033e-15
       4360.0000   8.6143637e-16
       4370.0000   9.1848186e-16
       4380.0000   9.3458880e-16
       4390.0000   9.9220477e-16
       4400.0000   1.0416684e-15
       4410.0000   1.1269858e-15
       4420.0000   1.2045034e-15
       4430.0000   1.2698550e-15
       4440.0000   1.4181463e-15
       4450.0000   1.4851279e-15
       4460.0000   1.5177854e-15
       4470.0000   1.6774075e-15
       4480.0000   1.8220019e-15
       4490.0000   1.9209381e-15
       4500.0000   1.9986859e-15
       4510.0000   1.9938467e-15
       4520.0000   2.0836981e-15
       4530.0000   2.2014301e-15
       4540.0000   2.2539354e-15
       4550.0000   2.3070168e-15
       4560.0000   2.5862123e-15
       4570.0000   2.9170057e-15
       4580.0000   2.6668382e-15
       4590.0000   2.3517955e-15
       4600.0000   2.4031452e-15
       4610.0000   2.8048315e-15
       4620.0000   2.9489733e-15
       4630.0000   2.5379477e-15
       4640.0000   2.4441186e-15
       4650.0000   2.6731600e-15
       4660.0000   2.8497151e-15
       4670.0000   2.5259516e-15
       4680.0000   2.2835029e-15
       4690.0000   2.6529627e-15
       4700.0000   2.9254048e-15
       4710.0000   2.8435513e-15
       4720.0000   2.8112248e-15
       4730.0000   2.9802420e-15
       4740.0000   3.1542877e-15
       4750.0000   3.2938768e-15
       4760.0000   2.5287729e-15
       4770.0000   1.8567543e-15
       4780.0000   2.1124927e-15
       4790.0000   2.4730376e-15
       4800.0000   2.4569285e-15
       4810.0000   2.1549390e-15
       4820.0000   2.3002057e-15
       4830.0000   2.6223149e-15
       4840.0000   2.5999087e-15
       4850.0000   2.4992137e-15
       4860.0000   3.0140105e-15
       4870.0000   3.1355647e-15
       4880.0000   2.8491222e-15
       4890.0000   3.0127196e-15
       4900.0000   3.3081609e-15
       4910.0000   3.7221787e-15
       4920.0000   4.1511905e-15
       4930.0000   4.4625678e-15
       4940.0000   4.8456607e-15
       4950.0000   4.1311222e-15
       4960.0000   2.6677435e-15
       4970.0000   2.5687401e-15
       4980.0000   3.0180919e-15
       4990.0000   3.2276283e-15
       5000.0000   2.9145862e-15
       5010.0000   2.5864567e-15
       5020.0000   2.8478303e-15
       5030.0000   3.1673530e-15
       5040.0000   3.5261380e-15
       5050.0000   3.6123164e-15
       5060.0000   3.6263396e-15
       5070.0000   3.8417725e-15
       5080.0000   3.8970417e-15
       5090.0000   3.9189986e-15
       5100.0000   3.8497982e-15
       5110.0000   3.9432087e-15
       5120.0000   4.0008535e-15
       5130.0000   4.1149243e-15
       5140.0000   4.2630499e-15
       5150.0000   4.1762174e-15
       5160.0000   4.0719143e-15
       5170.0000   2.8695257e-15
       5180.0000   2.2132517e-15
       5190.0000   3.0155723e-15
       5200.0000   3.0632435e-15
       5210.0000   3.5745600e-15
       5220.0000   4.7055782e-15
       5230.0000   5.1228467e-15
       5240.0000   4.8212907e-15
       5250.0000   4.7163118e-15
       5260.0000   4.6455466e-15
       5270.0000   4.6434384e-15
       5280.0000   5.2367303e-15
       5290.0000   5.4762864e-15
       5300.0000   5.6435246e-15
       5310.0000   5.6483401e-15
       5320.0000   5.4459767e-15
       5330.0000   5.4861720e-15
       5340.0000   5.7053098e-15
       5350.0000   6.1443510e-15
       5360.0000   6.2382748e-15
       5370.0000   6.1824069e-15
       5380.0000   6.6925986e-15
       5390.0000   6.9068916e-15
       5400.0000   6.9099149e-15
       5410.0000   7.0902729e-15
       5420.0000   7.2602628e-15
       5430.0000   7.3279779e-15
       5440.0000   7.0874232e-15
       5450.0000   5.3255086e-15
       5460.0000   4.2141654e-15
       5470.0000   4.7730398e-15
       5480.0000   5.0775618e-15
       5490.0000   5.0998087e-15
       5500.0000   4.2475988e-15
       5510.0000   3.4681339e-15
       5520.0000   3.2528188e-15
       5530.0000   2.9961447e-15
       5540.0000   2.7797477e-15
       5550.0000   3.0543871e-15
       5560.0000   3.8303173e-15
       5570.0000   4.5583170e-15
       5580.0000   5.0514226e-15
       5590.0000   5.1429307e-15
       5600.0000   4.8107154e-15
       5610.0000   4.6108494e-15
       5620.0000   4.5536896e-15
       5630.0000   4.4682864e-15
       5640.0000   4.5755109e-15
       5650.0000   5.1280210e-15
       5660.0000   5.2561199e-15
       5670.0000   4.9739552e-15
       5680.0000   5.2390167e-15
       5690.0000   5.6092560e-15
       5700.0000   6.0384123e-15
       5710.0000   6.2709930e-15
       5720.0000   6.1370272e-15
       5730.0000   6.2584518e-15
       5740.0000   6.6064601e-15
       5750.0000   6.9880514e-15
       5760.0000   6.3576092e-15
       5770.0000   5.7622570e-15
       5780.0000   6.3213351e-15
       5790.0000   6.9845557e-15
       5800.0000   7.5390234e-15
       5810.0000   6.7463067e-15
       5820.0000   5.7400634e-15
       5830.0000   5.9275588e-15
       5840.0000   5.8252048e-15
       5850.0000   4.9209018e-15
       5860.0000   4.1743090e-15
       5870.0000   3.7311125e-15
       5880.0000   2.9746334e-15
       5890.0000   2.2398748e-15
       5900.0000   2.3405434e-15
       5910.0000   2.9545567e-15
       5920.0000   3.2593015e-15
       5930.0000   3.5574953e-15
       5940.0000   3.9722279e-15
       5950.0000   3.9453821e-15
       5960.0000   3.8258071e-15
       5970.0000   3.9633458e-15
       5980.0000   4.2110751e-15
       5990.0000   4.6642203e-15
       6000.0000   4.7503591e-15
       6010.0000   4.7734714e-15
       6020.0000   5.1344060e-15
       6030.0000   5.3155485e-15
       6040.0000   5.6358030e-15
       6050.0000   6.0517834e-15
       6060.0000   6.1412836e-15
       6070.0000   6.2475606e-15
       6080.0000   6.2349951e-15
       6090.0000   6.3667014e-15
       6100.0000   6.4806455e-15
       6110.0000   6.2701548e-15
       6120.0000   6.1719150e-15
       6130.0000   6.1421297e-15
       6140.0000   6.0907171e-15
       6150.0000   5.3389647e-15
       6160.0000   3.9585796e-15
       6170.0000   3.2964169e-15
       6180.0000   3.2340620e-15
       6190.0000   3.0135463e-15
       6200.0000   3.0214690e-15
       6210.0000   3.0354190e-15
       6220.0000   2.7884964e-15
       6230.0000   2.7287759e-15
       6240.0000   2.8862054e-15
       6250.0000   3.1440717e-15
       6260.0000   3.5403899e-15
       6270.0000   3.8387656e-15
       6280.0000   4.2045913e-15
       6290.0000   4.7452574e-15
       6300.0000   5.4256759e-15
       6310.0000   6.3678943e-15
       6320.0000   6.9563412e-15
       6330.0000   7.4217824e-15
       6340.0000   8.3206985e-15
       6350.0000   8.3847646e-15
       6360.0000   7.8337856e-15
       6370.0000   7.7835215e-15
       6380.0000   7.4343059e-15
       6390.0000   7.6962807e-15
       6400.0000   9.0063069e-15
       6410.0000   9.5690956e-15
       6420.0000   9.2943886e-15
       6430.0000   9.3821407e-15
       6440.0000   1.0037851e-14
       6450.0000   1.0525006e-14
       6460.0000   1.0989224e-14
       6470.0000   1.1703788e-14
       6480.0000   1.1444739e-14
       6490.0000   1.1125205e-14
       6500.0000   1.2280248e-14
       6510.0000   1.3309674e-14
       6520.0000   1.4245528e-14
       6530.0000   1.5734222e-14
       6540.0000   1.5983392e-14
       6550.0000   1.4799421e-14
       6560.0000   1.5226390e-14
       6570.0000   1.4015126e-14
       6580.0000   1.2026059e-14
       6590.0000   1.2120868e-14
       6600.0000   1.1769480e-14
       6610.0000   1.1677097e-14
       6620.0000   1.0840465e-14
       6630.0000   9.8866463e-15
       6640.0000   9.7537453e-15
       6650.0000   8.7227437e-15
       6660.0000   8.2412337e-15
       6670.0000   8.9172384e-15
       6680.0000   8.1025483e-15
       6690.0000   7.3761487e-15
       6700.0000   8.0360653e-15
       6710.0000   7.7824925e-15
       6720.0000   6.9135166e-15
       6730.0000   7.0317585e-15
       6740.0000   7.4452786e-15
       6750.0000   7.3915279e-15
       6760.0000   7.7246627e-15
       6770.0000   8.4878637e-15
       6780.0000   7.9585500e-15
       6790.0000   7.3776979e-15
       6800.0000   7.8597099e-15
       6810.0000   8.1561523e-15
       6820.0000   8.2659525e-15
       6830.0000   8.4812727e-15
       6840.0000   8.7359880e-15
       6850.0000   8.4369503e-15
       6860.0000   8.2086542e-15
       6870.0000   8.8310344e-15
       6880.0000   9.2212956e-15
       6890.0000   9.4051758e-15
       6900.0000   9.8490841e-15
       6910.0000   1.0239993e-14
       6920.0000   1.0918484e-14
       6930.0000   1.2136418e-14
       6940.0000   1.3909564e-14
       6950.0000   1.4726064e-14
       6960.0000   1.4874900e-14
       6970.0000   1.5557090e-14
       6980.0000   1.6386471e-14
       6990.0000   1.6780672e-14
       7000.0000   1.7076977e-14
       7010.0000   1.8331594e-14
       7020.0000   1.9596837e-14
       7030.0000   2.1643861e-14
       7040.0000   2.4573225e-14
       7050.0000   2.1142355e-14
       7060.0000   1.4274760e-14
       7070.0000   1.3166430e-14
       7080.0000   1.3630692e-14
       7090.0000   1.1012450e-14
       7100.0000   9.8101441e-15
       7110.0000   1.1652341e-14
       7120.0000   1.1339427e-14
       7130.0000   8.6512706e-15
       7140.0000   7.9711714e-15
       7150.0000   9.2207328e-15
       7160.0000   9.6496535e-15
       7170.0000   1.0126436e-14
       7180.0000   1.1617625e-14
       7190.0000   1.2357197e-14
       7200.0000   1.1736375e-14
       7210.0000   1.1939563e-14
       7220.0000   1.3517221e-14
       7230.0000   1.4747072e-14
       7240.0000   1.6029500e-14
       7250.0000   1.7736517e-14
       7260.0000   1.9374934e-14
       7270.0000   2.0069342e-14
       7280.0000   2.0780727e-14
       7290.0000   2.2570914e-14
       7300.0000   2.4453612e-14
       7310.0000   2.6269495e-14
       7320.0000   2.7496324e-14
       7330.0000   2.9000554e-14
       7340.0000   3.0182163e-14
       7350.0000   3.0593189e-14
       7360.0000   3.1850109e-14
       7370.0000   3.3192643e-14
       7380.0000   3.4159256e-14
       7390.0000   3.4613581e-14
       7400.0000   3.4684286e-14
       7410.0000   3.5009832e-14
       7420.0000   3.5531888e-14
       7430.0000   3.5974666e-14
       7440.0000   3.5856522e-14
       7450.0000   3.5932522e-14
       7460.0000   3.6536704e-14
       7470.0000   3.7016107e-14
       7480.0000   3.7305442e-14
       7490.0000   3.7622715e-14
       7500.0000   3.8527512e-14
       7510.0000   3.9512673e-14
       7520.0000   3.9448078e-14
       7530.0000   3.9978818e-14
       7540.0000   4.1592584e-14
       7550.0000   4.2358296e-14
       7560.0000   4.1804342e-14
       7570.0000   4.2192617e-14
       7580.0000   4.2048796e-14
       7590.0000   3.6020411e-14
       7600.0000   3.1530019e-14
       7610.0000   3.4130141e-14
       7620.0000   3.4495574e-14
       7630.0000   2.9882354e-14
       7640.0000   2.7218740e-14
       7650.0000   2.6484981e-14
       7660.0000   1.9571241e-14
       7670.0000   1.6162252e-14
       7680.0000   2.0158872e-14
       7690.0000   1.9421407e-14
       7700.0000   1.7939600e-14
       7710.0000   2.0841823e-14
       7720.0000   2.4366665e-14
       7730.0000   2.6838993e-14
       7740.0000   2.6510938e-14
       7750.0000   2.3932824e-14
       7760.0000   2.3546911e-14
       7770.0000   2.5254049e-14
       7780.0000   2.5230722e-14
       7790.0000   2.5005041e-14
       7800.0000   2.7151914e-14
       7810.0000   2.9510463e-14
       7820.0000   2.8951653e-14
       7830.0000   2.7186375e-14
       7840.0000   2.7891461e-14
       7850.0000   2.9429748e-14
       7860.0000   2.9721885e-14
       7870.0000   3.0065790e-14
       7880.0000   3.1958582e-14
       7890.0000   3.3324197e-14
       7900.0000   3.2717902e-14
       7910.0000   3.1480976e-14
       7920.0000   3.1664323e-14
       7930.0000   3.3578956e-14
       7940.0000   3.3820347e-14
       7950.0000   3.4367907e-14
       7960.0000   3.6286555e-14
       7970.0000   3.7217755e-14
       7980.0000   3.7128194e-14
       7990.0000   3.6993543e-14
       8000.0000   3.8246232e-14
       8010.0000   3.9943944e-14
       8020.0000   4.1303710e-14
       8030.0000   4.2424002e-14
       8040.0000   4.3582187e-14
       8050.0000   4.5535302e-14
       8060.0000   4.7098628e-14
       8070.0000   4.7767989e-14
       8080.0000   4.9191512e-14
       8090.0000   5.0178388e-14
       8100.0000   5.0532944e-14
       8110.0000   5.0961737e-14
       8120.0000   5.2232723e-14
       8130.0000   5.3703099e-14
       8140.0000   5.3712690e-14
       8150.0000   5.3250039e-14
       8160.0000   5.3377644e-14
       8170.0000   5.2582960e-14
       8180.0000   4.5759978e-14
       8190.0000   3.8030926e-14
       8200.0000   4.2069337e-14
       8210.0000   4.8974038e-14
       8220.0000   5.1092071e-14
       8230.0000   5.2786517e-14
       8240.0000   5.4412278e-14
       8250.0000   5.3977492e-14
       8260.0000   5.3952724e-14
       8270.0000   5.3452808e-14
       8280.0000   5.1027260e-14
       8290.0000   5.0018688e-14
       8300.0000   4.8828673e-14
       8310.0000   4.8876645e-14
       8320.0000   4.9518087e-14
       8330.0000   4.9502494e-14
       8340.0000   5.0200590e-14
       8350.0000   5.0409068e-14
       8360.0000   5.0121692e-14
       8370.0000   4.9353378e-14
       8380.0000   4.7193260e-14
       8390.0000   4.7316284e-14
       8400.0000   4.9660664e-14
       8410.0000   5.0228249e-14
       8420.0000   4.9026799e-14
       8430.0000   4.5077449e-14
       8440.0000   4.1617735e-14
       8450.0000   3.9259805e-14
       8460.0000   3.7483059e-14
       8470.0000   3.7822757e-14
       8480.0000   3.8952563e-14
       8490.0000   3.9971326e-14
       8500.0000   3.9676401e-14
       8510.0000   3.8579636e-14
       8520.0000   3.8646314e-14
       8530.0000   4.0252811e-14
       8540.0000   4.1186427e-14
       8550.0000   4.2501205e-14
       8560.0000   4.3711230e-14
       8570.0000   4.4011918e-14
       8580.0000   4.4647223e-14
       8590.0000   4.5258966e-14
       8600.0000   4.6246617e-14
       8610.0000   4.6394571e-14
       8620.0000   4.6166491e-14
       8630.0000   4.6641290e-14
       8640.0000   4.6875993e-14
       8650.0000   4.7165311e-14
       8660.0000   4.6887543e-14
       8670.0000   4.7304139e-14
       8680.0000   4.7681244e-14
       8690.0000   4.5840382e-14
       8700.0000   4.5783707e-14
       8710.0000   4.6171172e-14
       8720.0000   4.6634965e-14
       8730.0000   4.7842810e-14
       8740.0000   4.8898939e-14
       8750.0000   5.0881986e-14
       8760.0000   5.1632493e-14
       8770.0000   5.2794492e-14
       8780.0000   5.3667949e-14
       8790.0000   5.4017208e-14
       8800.0000   5.2519715e-14
       8810.0000   5.3586734e-14
       8820.0000   5.5303013e-14
       8830.0000   5.5420519e-14
       8840.0000   5.6246037e-14
       8850.0000   5.5624775e-14
       8860.0000   5.2499286e-14
       8870.0000   4.7836430e-14
       8880.0000   4.8344976e-14
       8890.0000   4.9920110e-14
       8900.0000   5.1650994e-14
       8910.0000   5.3878580e-14
       8920.0000   5.4013690e-14
       8930.0000   5.4269793e-14
       8940.0000   5.3629635e-14
       8950.0000   5.2863950e-14
       8960.0000   5.2099377e-14
       8970.0000   5.2287539e-14
       8980.0000   5.3194779e-14
       8990.0000   5.3063893e-14
       9000.0000   5.4111827e-14
       9010.0000   5.4954249e-14
       9020.0000   5.3872813e-14
       9030.0000   5.6798127e-14
       9040.0000   6.1014495e-14
       9050.0000   6.0305687e-14
       9060.0000   5.7945432e-14
       9070.0000   5.6665802e-14
       9080.0000   5.6648873e-14
       9090.0000   5.7809832e-14
       9100.0000   5.9055815e-14
       9110.0000   6.0066859e-14
       9120.0000   6.1475356e-14
       9130.0000   6.0003332e-14
       9140.0000   6.0737988e-14
       9150.0000   6.1521160e-14
       9160.0000   6.2281025e-14
       9170.0000   6.2573187e-14
       9180.0000   6.2144163e-14
       9190.0000   6.6646419e-14
       9200.0000   6.5380861e-14
       9210.0000   6.8206776e-14
       9220.0000   7.1032690e-14
       9230.0000   7.2697598e-14
       9240.0000   7.2515994e-14
       9250.0000   7.2334391e-14
       9260.0000   7.2152788e-14
       9270.0000   7.2081508e-14
       9280.0000   7.2028632e-14
       9290.0000   7.1975756e-14
       9300.0000   7.1979243e-14
       9310.0000   7.2107576e-14
       9320.0000   7.2235909e-14
       9330.0000   7.2364242e-14
       9340.0000   7.2484078e-14
       9350.0000   7.2601035e-14
       9360.0000   7.2717993e-14
       9370.0000   7.2850729e-14
       9380.0000   7.3062180e-14
       9390.0000   7.3273631e-14
       9400.0000   7.3485081e-14
       9410.0000   7.3946125e-14
       9420.0000   7.4595443e-14
       9430.0000   7.5244762e-14
       9440.0000   7.5894080e-14
       9450.0000   7.6595251e-14
       9460.0000   7.7298804e-14
       9470.0000   7.8002358e-14
       9480.0000   7.8470541e-14
       9490.0000   7.8449876e-14
       9500.0000   7.8429211e-14
       9510.0000   7.8408546e-14
       9520.0000   7.8304599e-14
       9530.0000   7.8161104e-14
       9540.0000   7.8017609e-14
       9550.0000   7.7878820e-14
       9560.0000   7.8050295e-14
       9570.0000   7.8221770e-14
       9580.0000   7.8393244e-14
       9590.0000   7.8585468e-14
       9600.0000   7.8818691e-14
       9610.0000   7.9051914e-14
       9620.0000   7.9285136e-14
       9630.0000   7.9580186e-14
       9640.0000   7.9909862e-14
       9650.0000   8.0239537e-14
       9660.0000   8.0569212e-14
       9670.0000   8.0791681e-14
       9680.0000   8.1006212e-14
       9690.0000   8.1220742e-14
       9700.0000   8.1419230e-14
       9710.0000   8.1555492e-14
       9720.0000   8.1691754e-14
       9730.0000   8.1828016e-14
       9740.0000   8.1998164e-14
       9750.0000   8.2207459e-14
       9760.0000   8.2416755e-14
       9770.0000   8.2626051e-14
       9780.0000   8.2689046e-14
       9790.0000   8.2691418e-14
       9800.0000   8.2693790e-14
       9810.0000   8.2696162e-14
       9820.0000   8.2225504e-14
       9830.0000   8.1722467e-14
       9840.0000   8.1219431e-14
       9850.0000   8.0649173e-14
       9860.0000   7.9697995e-14
       9870.0000   7.8746817e-14
       9880.0000   7.7795639e-14
       9890.0000   7.6863873e-14
       9900.0000   7.5968314e-14
       9910.0000   7.5072754e-14
       9920.0000   7.4177195e-14
       9930.0000   7.3626983e-14
       9940.0000   7.3378163e-14
       9950.0000   7.3129342e-14
       9960.0000   7.2880521e-14
       9970.0000   7.3131412e-14
       9980.0000   7.3591422e-14
       9990.0000   7.4051432e-14
       10000.000   7.4511441e-14
       10010.000   7.4581406e-14
       10020.000   7.4587905e-14
       10030.000   7.4594404e-14
       10040.000   7.4600956e-14
       10050.000   7.5148209e-14
       10060.000   7.5695461e-14
       10070.000   7.6242713e-14
       10080.000   7.6801808e-14
       10090.000   7.7440103e-14
       10100.000   7.8078398e-14
       10110.000   7.8716693e-14
       10120.000   7.9316489e-14
       10130.000   7.9800789e-14
       10140.000   8.0285089e-14
       10150.000   8.0769389e-14
       10160.000   8.0981021e-14
       10170.000   8.0686272e-14
       10180.000   8.0391522e-14
       10190.000   8.0096773e-14
       10200.000   7.9952997e-14
       10210.000   8.0001338e-14
       10220.000   8.0049680e-14
       10230.000   8.0098022e-14
       10240.000   8.0050144e-14
       10250.000   7.9913421e-14
       10260.000   7.9776698e-14
       10270.000   7.9639975e-14
       10280.000   7.9792847e-14
       10290.000   8.0155443e-14
       10300.000   8.0518039e-14
       10310.000   8.0880634e-14
       10320.000   8.1211940e-14
       10330.000   8.1525640e-14
       10340.000   8.1839340e-14
       10350.000   8.2153041e-14
       10360.000   8.2649222e-14
       10370.000   8.3231285e-14
       10380.000   8.3813348e-14
       10390.000   8.4395412e-14
       10400.000   8.4777973e-14
       10410.000   8.5075033e-14
       10420.000   8.5372093e-14
       10430.000   8.5669153e-14
       10440.000   8.5717781e-14
       10450.000   8.5669805e-14
       10460.000   8.5621830e-14
       10470.000   8.5573854e-14
       10480.000   8.5502534e-14
       10490.000   8.5422578e-14
       10500.000   8.5342623e-14
       10510.000   8.5262667e-14
       10520.000   8.5217876e-14
       10530.000   8.5186758e-14
       10540.000   8.5155641e-14
       10550.000   8.5124523e-14
       10560.000   8.5049513e-14
       10570.000   8.4955692e-14
       10580.000   8.4861871e-14
       10590.000   8.4768051e-14
       10600.000   8.4912362e-14
       10610.000   8.5173953e-14
       10620.000   8.5435544e-14
       10630.000   8.5697134e-14
       10640.000   8.5958675e-14
       10650.000   8.6220186e-14
       10660.000   8.6481697e-14
       10670.000   8.6743209e-14
       10680.000   8.6931433e-14
       10690.000   8.7066584e-14
       10700.000   8.7201734e-14
       10710.000   8.7336885e-14
       10720.000   8.7650420e-14
       10730.000   8.8128670e-14
       10740.000   8.8606919e-14
       10750.000   8.9085169e-14
       10760.000   8.9467557e-14
       10770.000   8.9732780e-14
       10780.000   8.9998004e-14
       10790.000   9.0263228e-14
       10800.000   9.0526563e-14
       10810.000   9.0786679e-14
       10820.000   9.1046796e-14
       10830.000   9.1306913e-14
       10840.000   9.1614592e-14
       10850.000   9.2044525e-14
       10860.000   9.2474458e-14
       10870.000   9.2904391e-14
       10880.000   9.3167975e-14
       10890.000   9.2673640e-14
       10900.000   9.2179305e-14
       10910.000   9.1684971e-14
       10920.000   9.1222547e-14
       10930.000   9.1184589e-14
       10940.000   9.1146630e-14
       10950.000   9.1108672e-14
       10960.000   9.1070714e-14
       10970.000   9.1133866e-14
       10980.000   9.1202340e-14
       10990.000   9.1270814e-14
       11000.000   9.1339289e-14
       11010.000   9.1357516e-14
       11020.000   9.1365450e-14
       11030.000   9.1373384e-14
       11040.000   9.1381318e-14
       11050.000   9.1226236e-14
       11060.000   9.0997894e-14
       11070.000   9.0769552e-14
       11080.000   9.0541210e-14
       11090.000   9.0436874e-14
       11100.000   9.0434038e-14
       11110.000   9.0431202e-14
       11120.000   9.0428367e-14
       11130.000   9.0467214e-14
       11140.000   9.0568587e-14
       11150.000   9.0669960e-14
       11160.000   9.0771333e-14
       11170.000   9.0869803e-14
       11180.000   9.0959076e-14
       11190.000   9.1048349e-14
       11200.000   9.1137622e-14
       11210.000   9.1215808e-14
       11220.000   9.1146745e-14
       11230.000   9.1077681e-14
       11240.000   9.1008618e-14
       11250.000   9.0939555e-14
       11260.000   9.0750204e-14
       11270.000   9.0545978e-14
       11280.000   9.0341751e-14
       11290.000   9.0137525e-14
       11300.000   8.9463127e-14
       11310.000   8.8596742e-14
       11320.000   8.7730357e-14
       11330.000   8.6863972e-14
       11340.000   8.6144365e-14
       11350.000   8.5560235e-14
       11360.000   8.4976105e-14
       11370.000   8.4391975e-14
       11380.000   8.4050534e-14
       11390.000   8.4201869e-14
       11400.000   8.4353205e-14
       11410.000   8.4504540e-14
       11420.000   8.4715661e-14
       11430.000   8.5365534e-14
       11440.000   8.6015408e-14
       11450.000   8.6665281e-14
       11460.000   8.7315154e-14
       11470.000   8.8162514e-14
       11480.000   8.9029414e-14
       11490.000   8.9896315e-14
       11500.000   9.0763216e-14
       11510.000   9.1090340e-14
       11520.000   9.1186132e-14
       11530.000   9.1281924e-14
       11540.000   9.1377715e-14
       11550.000   9.1362808e-14
       11560.000   9.1223031e-14
       11570.000   9.1083253e-14
       11580.000   9.0943476e-14
       11590.000   9.0754232e-14
       11600.000   9.0408379e-14
       11610.000   9.0062526e-14
       11620.000   8.9716673e-14
       11630.000   8.9370603e-14
       11640.000   8.9003148e-14
       11650.000   8.8635692e-14
       11660.000   8.8268237e-14
       11670.000   8.7900782e-14
       11680.000   8.7599806e-14
       11690.000   8.7318685e-14
       11700.000   8.7037564e-14
       11710.000   8.6756443e-14
       11720.000   8.6450444e-14
       11730.000   8.6122382e-14
       11740.000   8.5794319e-14
       11750.000   8.5466257e-14
       11760.000   8.5248226e-14
       11770.000   8.5327657e-14
       11780.000   8.5407089e-14
       11790.000   8.5486520e-14
       11800.000   8.5564503e-14
       11810.000   8.5571207e-14
       11820.000   8.5577910e-14
       11830.000   8.5584614e-14
       11840.000   8.5591318e-14
       11850.000   8.5711305e-14
       11860.000   8.5867054e-14
       11870.000   8.6022804e-14
       11880.000   8.6178553e-14
       11890.000   8.6023199e-14
       11900.000   8.5556741e-14
       11910.000   8.5090284e-14
       11920.000   8.4623826e-14
       11930.000   8.4206881e-14
       11940.000   8.3955713e-14
       11950.000   8.3704545e-14
       11960.000   8.3453376e-14
       11970.000   8.3202208e-14
       11980.000   8.3017573e-14
       11990.000   8.2836439e-14
