       3000.0000   9.7389342e-18
       3010.0000   1.0164247e-17
       3020.0000   1.0604549e-17
       3030.0000   1.1060223e-17
       3040.0000   1.1531658e-17
       3050.0000   1.2019250e-17
       3060.0000   1.2523397e-17
       3070.0000   1.3044503e-17
       3080.0000   1.3582979e-17
       3090.0000   1.4139237e-17
       3100.0000   1.4713697e-17
       3110.0000   1.5306781e-17
       3120.0000   1.5918919e-17
       3130.0000   1.6550541e-17
       3140.0000   1.7202086e-17
       3150.0000   1.7873993e-17
       3160.0000   1.8566709e-17
       3170.0000   1.9280683e-17
       3180.0000   2.0016369e-17
       3190.0000   2.0774224e-17
       3200.0000   2.1554709e-17
       3210.0000   2.2358291e-17
       3220.0000   2.3185437e-17
       3230.0000   2.4036620e-17
       3240.0000   2.4912317e-17
       3250.0000   2.5813005e-17
       3260.0000   2.6739169e-17
       3270.0000   2.7691293e-17
       3280.0000   2.8669866e-17
       3290.0000   2.9675379e-17
       3300.0000   3.0708328e-17
       3310.0000   3.1769208e-17
       3320.0000   3.2858519e-17
       3330.0000   3.3976764e-17
       3340.0000   3.5124446e-17
       3350.0000   3.6302072e-17
       3360.0000   3.7510150e-17
       3370.0000   3.8749191e-17
       3380.0000   4.0019706e-17
       3390.0000   4.1322210e-17
       3400.0000   4.2657217e-17
       3410.0000   4.4025245e-17
       3420.0000   4.5426811e-17
       3430.0000   4.6862435e-17
       3440.0000   4.8332637e-17
       3450.0000   4.9837937e-17
       3460.0000   5.1378857e-17
       3470.0000   5.2955919e-17
       3480.0000   5.4569647e-17
       3490.0000   5.6220563e-17
       3500.0000   5.7909190e-17
       3510.0000   5.9636052e-17
       3520.0000   6.1401672e-17
       3530.0000   6.3206573e-17
       3540.0000   6.5051277e-17
       3550.0000   6.6936306e-17
       3560.0000   6.8862182e-17
       3570.0000   7.0829425e-17
       3580.0000   7.2838556e-17
       3590.0000   7.4890092e-17
       3600.0000   7.6984551e-17
       3610.0000   7.9122450e-17
       3620.0000   8.1304303e-17
       3630.0000   8.3530622e-17
       3640.0000   8.5801921e-17
       3650.0000   8.8118707e-17
       3660.0000   9.0481488e-17
       3670.0000   9.2890771e-17
       3680.0000   9.5347057e-17
       3690.0000   9.7850848e-17
       3700.0000   1.0040264e-16
       3710.0000   1.0300293e-16
       3720.0000   1.0565222e-16
       3730.0000   1.0835098e-16
       3740.0000   1.1109971e-16
       3750.0000   1.1389890e-16
       3760.0000   1.1674901e-16
       3770.0000   1.1965054e-16
       3780.0000   1.2260394e-16
       3790.0000   1.2560970e-16
       3800.0000   1.2866828e-16
       3810.0000   1.3178014e-16
       3820.0000   1.3494574e-16
       3830.0000   1.3816553e-16
       3840.0000   1.4143997e-16
       3850.0000   1.4476949e-16
       3860.0000   1.4815454e-16
       3870.0000   1.5159557e-16
       3880.0000   1.5509299e-16
       3890.0000   1.5864723e-16
       3900.0000   1.6225873e-16
       3910.0000   1.6592789e-16
       3920.0000   1.6965514e-16
       3930.0000   1.7344087e-16
       3940.0000   1.7728549e-16
       3950.0000   1.8118939e-16
       3960.0000   1.8515297e-16
       3970.0000   1.8917662e-16
       3980.0000   1.9326071e-16
       3990.0000   1.9740562e-16
       4000.0000   2.0161171e-16
       4010.0000   2.0587936e-16
       4020.0000   2.1020891e-16
       4030.0000   2.1460073e-16
       4040.0000   2.1905514e-16
       4050.0000   2.2357251e-16
       4060.0000   2.2815314e-16
       4070.0000   2.3279738e-16
       4080.0000   2.3750555e-16
       4090.0000   2.4227795e-16
       4100.0000   2.4711490e-16
       4110.0000   2.5201669e-16
       4120.0000   2.5698362e-16
       4130.0000   2.6201598e-16
       4140.0000   2.6711404e-16
       4150.0000   2.7227809e-16
       4160.0000   2.7750839e-16
       4170.0000   2.8280520e-16
       4180.0000   2.8816877e-16
       4190.0000   2.9359935e-16
       4200.0000   2.9909718e-16
       4210.0000   3.0466250e-16
       4220.0000   3.1029552e-16
       4230.0000   3.1599647e-16
       4240.0000   3.2176556e-16
       4250.0000   3.2760299e-16
       4260.0000   3.3350895e-16
       4270.0000   3.3948365e-16
       4280.0000   3.4552726e-16
       4290.0000   3.5163995e-16
       4300.0000   3.5782190e-16
       4310.0000   3.6407326e-16
       4320.0000   3.7039419e-16
       4330.0000   3.7678484e-16
       4340.0000   3.8324533e-16
       4350.0000   3.8977581e-16
       4360.0000   3.9637640e-16
       4370.0000   4.0304721e-16
       4380.0000   4.0978835e-16
       4390.0000   4.1659993e-16
       4400.0000   4.2348203e-16
       4410.0000   4.3043475e-16
       4420.0000   4.3745816e-16
       4430.0000   4.4455233e-16
       4440.0000   4.5171733e-16
       4450.0000   4.5895322e-16
       4460.0000   4.6626005e-16
       4470.0000   4.7363785e-16
       4480.0000   4.8108666e-16
       4490.0000   4.8860652e-16
       4500.0000   4.9619743e-16
       4510.0000   5.0385941e-16
       4520.0000   5.1159247e-16
       4530.0000   5.1939661e-16
       4540.0000   5.2727181e-16
       4550.0000   5.3521805e-16
       4560.0000   5.4323532e-16
       4570.0000   5.5132359e-16
       4580.0000   5.5948281e-16
       4590.0000   5.6771293e-16
       4600.0000   5.7601391e-16
       4610.0000   5.8438569e-16
       4620.0000   5.9282819e-16
       4630.0000   6.0134135e-16
       4640.0000   6.0992508e-16
       4650.0000   6.1857930e-16
       4660.0000   6.2730391e-16
       4670.0000   6.3609880e-16
       4680.0000   6.4496387e-16
       4690.0000   6.5389900e-16
       4700.0000   6.6290407e-16
       4710.0000   6.7197894e-16
       4720.0000   6.8112350e-16
       4730.0000   6.9033758e-16
       4740.0000   6.9962104e-16
       4750.0000   7.0897372e-16
       4760.0000   7.1839547e-16
       4770.0000   7.2788610e-16
       4780.0000   7.3744546e-16
       4790.0000   7.4707334e-16
       4800.0000   7.5676957e-16
       4810.0000   7.6653395e-16
       4820.0000   7.7636628e-16
       4830.0000   7.8626634e-16
       4840.0000   7.9623394e-16
       4850.0000   8.0626884e-16
       4860.0000   8.1637082e-16
       4870.0000   8.2653965e-16
       4880.0000   8.3677509e-16
       4890.0000   8.4707690e-16
       4900.0000   8.5744483e-16
       4910.0000   8.6787861e-16
       4920.0000   8.7837801e-16
       4930.0000   8.8894273e-16
       4940.0000   8.9957252e-16
       4950.0000   9.1026709e-16
       4960.0000   9.2102616e-16
       4970.0000   9.3184945e-16
       4980.0000   9.4273665e-16
       4990.0000   9.5368748e-16
       5000.0000   9.6470161e-16
       5010.0000   9.7577875e-16
       5020.0000   9.8691858e-16
       5030.0000   9.9812078e-16
       5040.0000   1.0093850e-15
       5050.0000   1.0207110e-15
       5060.0000   1.0320983e-15
       5070.0000   1.0435467e-15
       5080.0000   1.0550558e-15
       5090.0000   1.0666252e-15
       5100.0000   1.0782546e-15
       5110.0000   1.0899436e-15
       5120.0000   1.1016920e-15
       5130.0000   1.1134992e-15
       5140.0000   1.1253649e-15
       5150.0000   1.1372889e-15
       5160.0000   1.1492705e-15
       5170.0000   1.1613096e-15
       5180.0000   1.1734057e-15
       5190.0000   1.1855584e-15
       5200.0000   1.1977674e-15
       5210.0000   1.2100321e-15
       5220.0000   1.2223523e-15
       5230.0000   1.2347275e-15
       5240.0000   1.2471572e-15
       5250.0000   1.2596412e-15
       5260.0000   1.2721789e-15
       5270.0000   1.2847700e-15
       5280.0000   1.2974140e-15
       5290.0000   1.3101105e-15
       5300.0000   1.3228590e-15
       5310.0000   1.3356592e-15
       5320.0000   1.3485105e-15
       5330.0000   1.3614126e-15
       5340.0000   1.3743650e-15
       5350.0000   2.5572041e-15
       5360.0000   2.4701592e-15
       5370.0000   2.4410340e-15
       5380.0000   2.6600953e-15
       5390.0000   2.7837047e-15
       5400.0000   2.8007366e-15
       5410.0000   2.8682506e-15
       5420.0000   2.9344576e-15
       5430.0000   3.0039254e-15
       5440.0000   2.8802356e-15
       5450.0000   2.1374212e-15
       5460.0000   1.6171919e-15
       5470.0000   1.8407374e-15
       5480.0000   1.9521784e-15
       5490.0000   1.9362228e-15
       5500.0000   1.5817195e-15
       5510.0000   1.2248164e-15
       5520.0000   1.1006902e-15
       5530.0000   1.0032395e-15
       5540.0000   9.4518492e-16
       5550.0000   1.0446347e-15
       5560.0000   1.3543082e-15
       5570.0000   1.8169669e-15
       5580.0000   2.1199904e-15
       5590.0000   2.0741065e-15
       5600.0000   1.8903851e-15
       5610.0000   1.8015533e-15
       5620.0000   1.7751601e-15
       5630.0000   1.7332514e-15
       5640.0000   1.7947241e-15
       5650.0000   2.0157183e-15
       5660.0000   2.0572180e-15
       5670.0000   1.9791675e-15
       5680.0000   2.0759347e-15
       5690.0000   2.2569572e-15
       5700.0000   2.4626964e-15
       5710.0000   2.5450802e-15
       5720.0000   2.4777078e-15
       5730.0000   2.4995954e-15
       5740.0000   2.6612385e-15
       5750.0000   2.7948307e-15
       5760.0000   2.5786471e-15
       5770.0000   2.3286164e-15
       5780.0000   2.5596409e-15
       5790.0000   2.8569433e-15
       5800.0000   3.0654488e-15
       5810.0000   2.7429217e-15
       5820.0000   2.3603631e-15
       5830.0000   2.4117353e-15
       5840.0000   2.3335316e-15
       5850.0000   1.9459505e-15
       5860.0000   1.6125426e-15
       5870.0000   1.4530471e-15
       5880.0000   1.1724343e-15
       5890.0000   9.1313023e-16
       5900.0000   9.3511130e-16
       5910.0000   1.1303353e-15
       5920.0000   1.2504200e-15
       5930.0000   1.3859226e-15
       5940.0000   1.5291080e-15
       5950.0000   1.5378649e-15
       5960.0000   1.5075604e-15
       5970.0000   1.5663089e-15
       5980.0000   1.6687473e-15
       5990.0000   1.8286937e-15
       6000.0000   1.8747055e-15
       6010.0000   1.8881258e-15
       6020.0000   2.0095383e-15
       6030.0000   2.0978649e-15
       6040.0000   2.2539292e-15
       6050.0000   2.4332022e-15
       6060.0000   2.5170462e-15
       6070.0000   2.5395160e-15
       6080.0000   2.5466772e-15
       6090.0000   2.5555656e-15
       6100.0000   2.5982632e-15
       6110.0000   2.5173458e-15
       6120.0000   2.4564745e-15
       6130.0000   2.3984744e-15
       6140.0000   2.3284154e-15
       6150.0000   2.0236401e-15
       6160.0000   1.5597086e-15
       6170.0000   1.3049582e-15
       6180.0000   1.2482194e-15
       6190.0000   1.1810808e-15
       6200.0000   1.1705218e-15
       6210.0000   1.1667905e-15
       6220.0000   1.0997757e-15
       6230.0000   1.0866959e-15
       6240.0000   1.1242379e-15
       6250.0000   1.2210374e-15
       6260.0000   1.3624331e-15
       6270.0000   1.5062932e-15
       6280.0000   1.6943349e-15
       6290.0000   1.9414918e-15
       6300.0000   2.2500245e-15
       6310.0000   2.6346716e-15
       6320.0000   2.9102200e-15
       6330.0000   3.1895888e-15
       6340.0000   3.5502380e-15
       6350.0000   3.5755539e-15
       6360.0000   3.4153155e-15
       6370.0000   3.3145267e-15
       6380.0000   3.2485181e-15
       6390.0000   3.3963643e-15
       6400.0000   3.8779421e-15
       6410.0000   4.0875255e-15
       6420.0000   4.0217136e-15
       6430.0000   4.0442839e-15
       6440.0000   4.3030018e-15
       6450.0000   4.5076263e-15
       6460.0000   4.7581306e-15
       6470.0000   5.0416667e-15
       6480.0000   5.0339317e-15
       6490.0000   4.9950859e-15
       6500.0000   5.5499385e-15
       6510.0000   6.0901228e-15
       6520.0000   6.6726689e-15
       6530.0000   7.4308407e-15
       6540.0000   7.4627960e-15
       6550.0000   7.3602698e-15
       6560.0000   6.9062703e-15
       6570.0000   6.4194329e-15
       6580.0000   5.5474618e-15
       6590.0000   5.4655937e-15
       6600.0000   5.4506398e-15
       6610.0000   5.2876638e-15
       6620.0000   4.9762501e-15
       6630.0000   4.5241096e-15
       6640.0000   4.2978117e-15
       6650.0000   3.8999488e-15
       6660.0000   3.7761234e-15
       6670.0000   3.8885328e-15
       6680.0000   3.6731558e-15
       6690.0000   3.4106499e-15
       6700.0000   3.6202967e-15
       6710.0000   3.4597122e-15
       6720.0000   3.2272469e-15
       6730.0000   3.1829490e-15
       6740.0000   3.3454809e-15
       6750.0000   3.4053758e-15
       6760.0000   3.5375616e-15
       6770.0000   3.8463885e-15
       6780.0000   3.6932738e-15
       6790.0000   3.5191038e-15
       6800.0000   3.6488753e-15
       6810.0000   3.7955149e-15
       6820.0000   3.9191018e-15
       6830.0000   4.0452316e-15
       6840.0000   4.1439153e-15
       6850.0000   4.0213718e-15
       6860.0000   3.9424187e-15
       6870.0000   4.2028818e-15
       6880.0000   4.3762124e-15
       6890.0000   4.5058801e-15
       6900.0000   4.7946692e-15
       6910.0000   4.9277704e-15
       6920.0000   5.3918520e-15
       6930.0000   5.8218312e-15
       6940.0000   6.7617340e-15
       6950.0000   7.2135006e-15
       6960.0000   7.5397461e-15
       6970.0000   7.9107851e-15
       6980.0000   8.2783799e-15
       6990.0000   8.5565184e-15
       7000.0000   8.7702685e-15
       7010.0000   9.3369019e-15
       7020.0000   1.0093093e-14
       7030.0000   1.1299656e-14
       7040.0000   1.2545174e-14
       7050.0000   1.0420497e-14
       7060.0000   7.8517982e-15
       7070.0000   6.3832363e-15
       7080.0000   6.2760929e-15
       7090.0000   5.4277821e-15
       7100.0000   4.8001938e-15
       7110.0000   5.5725518e-15
       7120.0000   5.2198706e-15
       7130.0000   4.3904076e-15
       7140.0000   3.7857674e-15
       7150.0000   4.2747805e-15
       7160.0000   4.6114262e-15
       7170.0000   4.9124213e-15
       7180.0000   5.5941143e-15
       7190.0000   5.8273066e-15
       7200.0000   5.8247888e-15
       7210.0000   5.9023891e-15
       7220.0000   6.6365076e-15
       7230.0000   7.4178761e-15
       7240.0000   8.2393346e-15
       7250.0000   9.1562029e-15
       7260.0000   9.9654879e-15
       7270.0000   1.0485664e-14
       7280.0000   1.1010023e-14
       7290.0000   1.1939430e-14
       7300.0000   1.3109360e-14
       7310.0000   1.4282255e-14
       7320.0000   1.5160088e-14
       7330.0000   1.6158079e-14
       7340.0000   1.6804297e-14
       7350.0000   1.7314751e-14
       7360.0000   1.7956602e-14
       7370.0000   1.8603946e-14
       7380.0000   1.9239179e-14
       7390.0000   1.9465005e-14
       7400.0000   1.9601683e-14
       7410.0000   1.9599611e-14
       7420.0000   1.9852069e-14
       7430.0000   1.9963820e-14
       7440.0000   2.0076523e-14
       7450.0000   2.0090836e-14
       7460.0000   2.0340691e-14
       7470.0000   2.0712603e-14
       7480.0000   2.0968475e-14
       7490.0000   2.1345873e-14
       7500.0000   2.1757496e-14
       7510.0000   2.2374992e-14
       7520.0000   2.2459869e-14
       7530.0000   2.3006059e-14
       7540.0000   2.3589242e-14
       7550.0000   2.4302816e-14
       7560.0000   2.4282452e-14
       7570.0000   2.4662270e-14
       7580.0000   2.2882047e-14
       7590.0000   2.0526515e-14
       7600.0000   1.8178906e-14
       7610.0000   1.9076015e-14
       7620.0000   1.8298686e-14
       7630.0000   1.6805894e-14
       7640.0000   1.4520191e-14
       7650.0000   1.2683568e-14
       7660.0000   1.0095266e-14
       7670.0000   8.8728854e-15
       7680.0000   9.6427555e-15
       7690.0000   9.5441406e-15
       7700.0000   9.7132319e-15
       7710.0000   1.0396658e-14
       7720.0000   1.2978747e-14
       7730.0000   1.4344527e-14
       7740.0000   1.4152909e-14
       7750.0000   1.3418504e-14
       7760.0000   1.3015874e-14
       7770.0000   1.3565192e-14
       7780.0000   1.3953318e-14
       7790.0000   1.4055913e-14
       7800.0000   1.5080064e-14
       7810.0000   1.6013820e-14
       7820.0000   1.6090031e-14
       7830.0000   1.5645060e-14
       7840.0000   1.5665832e-14
       7850.0000   1.6348609e-14
       7860.0000   1.6692627e-14
       7870.0000   1.7223379e-14
       7880.0000   1.8087892e-14
       7890.0000   1.8728695e-14
       7900.0000   1.8425597e-14
       7910.0000   1.7900789e-14
       7920.0000   1.8122209e-14
       7930.0000   1.8707963e-14
       7940.0000   1.9201096e-14
       7950.0000   1.9657072e-14
       7960.0000   2.0495814e-14
       7970.0000   2.1168711e-14
       7980.0000   2.1346965e-14
       7990.0000   2.1383999e-14
       8000.0000   2.2104167e-14
       8010.0000   2.3114842e-14
       8020.0000   2.4300124e-14
       8030.0000   2.5144884e-14
       8040.0000   2.6197934e-14
       8050.0000   2.7243691e-14
       8060.0000   2.8171173e-14
       8070.0000   2.9101371e-14
       8080.0000   2.9806722e-14
       8090.0000   3.0469724e-14
       8100.0000   3.1052787e-14
       8110.0000   3.1566298e-14
       8120.0000   3.2556168e-14
       8130.0000   3.3228910e-14
       8140.0000   3.3543834e-14
       8150.0000   3.3428059e-14
       8160.0000   3.3508474e-14
       8170.0000   3.1266049e-14
       8180.0000   2.8530658e-14
       8190.0000   2.6167371e-14
       8200.0000   2.7255934e-14
       8210.0000   2.9475921e-14
       8220.0000   3.1990145e-14
       8230.0000   3.3187205e-14
       8240.0000   3.3705730e-14
       8250.0000   3.3930318e-14
       8260.0000   3.3647814e-14
       8270.0000   3.3318569e-14
       8280.0000   3.2515978e-14
       8290.0000   3.1481706e-14
       8300.0000   3.0672639e-14
       8310.0000   3.0889593e-14
       8320.0000   3.0976798e-14
       8330.0000   3.1381012e-14
       8340.0000   3.1110981e-14
       8350.0000   3.1167586e-14
       8360.0000   3.1143605e-14
       8370.0000   3.0714847e-14
       8380.0000   3.0005877e-14
       8390.0000   3.0042187e-14
       8400.0000   3.0718809e-14
       8410.0000   3.1371932e-14
       8420.0000   3.0290061e-14
       8430.0000   2.8267831e-14
       8440.0000   2.5640794e-14
       8450.0000   2.3482413e-14
       8460.0000   2.2516553e-14
       8470.0000   2.2423552e-14
       8480.0000   2.3239736e-14
       8490.0000   2.3815490e-14
       8500.0000   2.3791801e-14
       8510.0000   2.3153332e-14
       8520.0000   2.3388520e-14
       8530.0000   2.3871589e-14
       8540.0000   2.5392821e-14
       8550.0000   2.6056739e-14
       8560.0000   2.6827319e-14
       8570.0000   2.7123146e-14
       8580.0000   2.7631884e-14
       8590.0000   2.8179504e-14
       8600.0000   2.8607142e-14
       8610.0000   2.8870623e-14
       8620.0000   2.8930475e-14
       8630.0000   2.8931173e-14
       8640.0000   2.9205025e-14
       8650.0000   2.9252011e-14
       8660.0000   2.9601451e-14
       8670.0000   3.0052682e-14
       8680.0000   2.9644774e-14
       8690.0000   2.9243963e-14
       8700.0000   2.8606207e-14
       8710.0000   2.8713810e-14
       8720.0000   2.9399325e-14
       8730.0000   3.0156769e-14
       8740.0000   3.1158527e-14
       8750.0000   3.2090740e-14
       8760.0000   3.3466900e-14
       8770.0000   3.4165654e-14
       8780.0000   3.4769150e-14
       8790.0000   3.4698398e-14
       8800.0000   3.5135404e-14
       8810.0000   3.5356082e-14
       8820.0000   3.6335026e-14
       8830.0000   3.7239921e-14
       8840.0000   3.7455435e-14
       8850.0000   3.6147749e-14
       8860.0000   3.3492569e-14
       8870.0000   3.2120987e-14
       8880.0000   3.1499421e-14
       8890.0000   3.2448558e-14
       8900.0000   3.3381620e-14
       8910.0000   3.4210977e-14
       8920.0000   3.5140030e-14
       8930.0000   3.4687775e-14
       8940.0000   3.4265723e-14
       8950.0000   3.4163764e-14
       8960.0000   3.4540875e-14
       8970.0000   3.5712294e-14
       8980.0000   3.6169073e-14
       8990.0000   3.7141628e-14
       9000.0000   3.7309315e-14
       9010.0000   3.6669205e-14
       9020.0000   3.6892686e-14
       9030.0000   3.7300160e-14
       9040.0000   3.8107918e-14
       9050.0000   3.8618917e-14
       9060.0000   3.8403473e-14
       9070.0000   3.8467103e-14
       9080.0000   3.8978115e-14
       9090.0000   3.9747879e-14
       9100.0000   4.0175717e-14
       9110.0000   4.0994632e-14
       9120.0000   4.1417505e-14
       9130.0000   4.1730662e-14
       9140.0000   4.2004310e-14
       9150.0000   4.2430599e-14
       9160.0000   4.2745138e-14
       9170.0000   4.3112790e-14
       9180.0000   4.3257161e-14
       9190.0000   4.5445876e-14
       9200.0000   4.5423732e-14
       9210.0000   4.8039061e-14
       9220.0000   4.8589242e-14
       9230.0000   4.8194305e-14
       9240.0000   4.7799367e-14
       9250.0000   4.7396550e-14
       9260.0000   4.6953265e-14
       9270.0000   4.6509981e-14
       9280.0000   4.6066696e-14
       9290.0000   4.5861035e-14
       9300.0000   4.5799141e-14
       9310.0000   4.5737246e-14
       9320.0000   4.5680982e-14
       9330.0000   4.5704366e-14
       9340.0000   4.5727750e-14
       9350.0000   4.5751134e-14
       9360.0000   4.5913283e-14
       9370.0000   4.6218713e-14
       9380.0000   4.6524142e-14
       9390.0000   4.6829572e-14
       9400.0000   4.7279219e-14
       9410.0000   4.7744716e-14
       9420.0000   4.8210213e-14
       9430.0000   4.8672628e-14
       9440.0000   4.9127603e-14
       9450.0000   4.9582578e-14
       9460.0000   5.0037554e-14
       9470.0000   5.0411026e-14
       9480.0000   5.0744003e-14
       9490.0000   5.1076980e-14
       9500.0000   5.1401714e-14
       9510.0000   5.1440601e-14
       9520.0000   5.1479489e-14
       9530.0000   5.1518376e-14
       9540.0000   5.1438917e-14
       9550.0000   5.1158806e-14
       9560.0000   5.0878695e-14
       9570.0000   5.0598585e-14
       9580.0000   5.0645246e-14
       9590.0000   5.0833259e-14
       9600.0000   5.1021273e-14
       9610.0000   5.1209338e-14
       9620.0000   5.1403923e-14
       9630.0000   5.1598509e-14
       9640.0000   5.1793094e-14
       9650.0000   5.1935703e-14
       9660.0000   5.1959317e-14
       9670.0000   5.1982932e-14
       9680.0000   5.2006546e-14
       9690.0000   5.2147095e-14
       9700.0000   5.2371280e-14
       9710.0000   5.2595466e-14
       9720.0000   5.2819651e-14
       9730.0000   5.2952534e-14
       9740.0000   5.3069057e-14
       9750.0000   5.3185580e-14
       9760.0000   5.3304931e-14
       9770.0000   5.3450588e-14
       9780.0000   5.3596246e-14
       9790.0000   5.3741903e-14
       9800.0000   5.3778794e-14
       9810.0000   5.3595904e-14
       9820.0000   5.3413015e-14
       9830.0000   5.3230125e-14
       9840.0000   5.2649008e-14
       9850.0000   5.1742069e-14
       9860.0000   5.0835129e-14
       9870.0000   4.9928190e-14
       9880.0000   4.9031808e-14
       9890.0000   4.8138852e-14
       9900.0000   4.7245897e-14
       9910.0000   4.6352941e-14
       9920.0000   4.5784029e-14
       9930.0000   4.5233970e-14
       9940.0000   4.4683911e-14
       9950.0000   4.4249824e-14
       9960.0000   4.4650573e-14
       9970.0000   4.5051322e-14
       9980.0000   4.5452072e-14
       9990.0000   4.5829838e-14
       10000.000   4.6149376e-14
       10010.000   4.6468914e-14
       10020.000   4.6788453e-14
       10030.000   4.7194951e-14
       10040.000   4.7716733e-14
       10050.000   4.8238514e-14
       10060.000   4.8760296e-14
       10070.000   4.9056077e-14
       10080.000   4.9181313e-14
       10090.000   4.9306548e-14
       10100.000   4.9431784e-14
       10110.000   4.9734467e-14
       10120.000   5.0116893e-14
       10130.000   5.0499320e-14
       10140.000   5.0881747e-14
       10150.000   5.0905542e-14
       10160.000   5.0834027e-14
       10170.000   5.0762512e-14
       10180.000   5.0690997e-14
       10190.000   5.0587900e-14
       10200.000   5.0480896e-14
       10210.000   5.0373893e-14
       10220.000   5.0266890e-14
       10230.000   5.0137305e-14
       10240.000   5.0007022e-14
       10250.000   4.9876739e-14
       10260.000   4.9756714e-14
       10270.000   4.9882601e-14
       10280.000   5.0008489e-14
       10290.000   5.0134377e-14
       10300.000   5.0276086e-14
       10310.000   5.0560193e-14
       10320.000   5.0844299e-14
       10330.000   5.1128406e-14
       10340.000   5.1436892e-14
       10350.000   5.1895092e-14
       10360.000   5.2353291e-14
       10370.000   5.2811491e-14
       10380.000   5.3216449e-14
       10390.000   5.3361500e-14
       10400.000   5.3506551e-14
       10410.000   5.3651602e-14
       10420.000   5.3823380e-14
       10430.000   5.4109147e-14
       10440.000   5.4394914e-14
       10450.000   5.4680680e-14
       10460.000   5.4872172e-14
       10470.000   5.4686563e-14
       10480.000   5.4500953e-14
       10490.000   5.4315344e-14
       10500.000   5.4147398e-14
       10510.000   5.4050101e-14
       10520.000   5.3952804e-14
       10530.000   5.3855507e-14
       10540.000   5.3764015e-14
       10550.000   5.3697266e-14
       10560.000   5.3630517e-14
       10570.000   5.3563768e-14
       10580.000   5.3535522e-14
       10590.000   5.3709327e-14
       10600.000   5.3883132e-14
       10610.000   5.4056937e-14
       10620.000   5.4228161e-14
       10630.000   5.4382107e-14
       10640.000   5.4536053e-14
       10650.000   5.4689999e-14
       10660.000   5.4856841e-14
       10670.000   5.5172021e-14
       10680.000   5.5487201e-14
       10690.000   5.5802381e-14
       10700.000   5.6116704e-14
       10710.000   5.6389078e-14
       10720.000   5.6661452e-14
       10730.000   5.6933825e-14
       10740.000   5.7206199e-14
       10750.000   5.7390643e-14
       10760.000   5.7571420e-14
       10770.000   5.7752197e-14
       10780.000   5.7932973e-14
       10790.000   5.8068763e-14
       10800.000   5.8198416e-14
       10810.000   5.8328070e-14
       10820.000   5.8457723e-14
       10830.000   5.8771744e-14
       10840.000   5.9134764e-14
       10850.000   5.9497783e-14
       10860.000   5.9860802e-14
       10870.000   5.9963583e-14
       10880.000   5.9954833e-14
       10890.000   5.9946084e-14
       10900.000   5.9937335e-14
       10910.000   5.9824591e-14
       10920.000   5.9639591e-14
       10930.000   5.9454591e-14
       10940.000   5.9269591e-14
       10950.000   5.9100253e-14
       10960.000   5.8947885e-14
       10970.000   5.8795516e-14
       10980.000   5.8643147e-14
       10990.000   5.8480943e-14
       11000.000   5.8300474e-14
       11010.000   5.8120004e-14
       11020.000   5.7939534e-14
       11030.000   5.7732400e-14
       11040.000   5.7430742e-14
       11050.000   5.7129083e-14
       11060.000   5.6827424e-14
       11070.000   5.6542860e-14
       11080.000   5.6454940e-14
       11090.000   5.6367020e-14
       11100.000   5.6279099e-14
       11110.000   5.6191179e-14
       11120.000   5.6181657e-14
       11130.000   5.6178037e-14
       11140.000   5.6174418e-14
       11150.000   5.6170798e-14
       11160.000   5.6157113e-14
       11170.000   5.6140591e-14
       11180.000   5.6124068e-14
       11190.000   5.6107546e-14
       11200.000   5.6115371e-14
       11210.000   5.6138765e-14
       11220.000   5.6162159e-14
       11230.000   5.6185554e-14
       11240.000   5.6209503e-14
       11250.000   5.6234159e-14
       11260.000   5.6258814e-14
       11270.000   5.6283470e-14
       11280.000   5.6152395e-14
       11290.000   5.5577996e-14
       11300.000   5.5003597e-14
       11310.000   5.4429198e-14
       11320.000   5.3854541e-14
       11330.000   5.3276460e-14
       11340.000   5.2698379e-14
       11350.000   5.2120298e-14
       11360.000   5.1542216e-14
       11370.000   5.1410084e-14
       11380.000   5.1338718e-14
       11390.000   5.1267353e-14
       11400.000   5.1195987e-14
       11410.000   5.1424956e-14
       11420.000   5.1795208e-14
       11430.000   5.2165461e-14
       11440.000   5.2535713e-14
       11450.000   5.3064742e-14
       11460.000   5.3772874e-14
       11470.000   5.4481006e-14
       11480.000   5.5189138e-14
       11490.000   5.5779872e-14
       11500.000   5.6018599e-14
       11510.000   5.6257325e-14
       11520.000   5.6496052e-14
       11530.000   5.6725741e-14
       11540.000   5.6664005e-14
       11550.000   5.6602269e-14
       11560.000   5.6540532e-14
       11570.000   5.6478796e-14
       11580.000   5.6331658e-14
       11590.000   5.6164494e-14
       11600.000   5.5997330e-14
       11610.000   5.5830166e-14
       11620.000   5.5498501e-14
       11630.000   5.5047704e-14
       11640.000   5.4596908e-14
       11650.000   5.4146112e-14
       11660.000   5.3778309e-14
       11670.000   5.3571653e-14
       11680.000   5.3364997e-14
       11690.000   5.3158341e-14
       11700.000   5.2942612e-14
       11710.000   5.2635182e-14
       11720.000   5.2327753e-14
       11730.000   5.2020323e-14
       11740.000   5.1712894e-14
       11750.000   5.1782572e-14
       11760.000   5.1918798e-14
       11770.000   5.2055024e-14
       11780.000   5.2191251e-14
       11790.000   5.2284613e-14
       11800.000   5.2348180e-14
       11810.000   5.2411748e-14
       11820.000   5.2475315e-14
       11830.000   5.2615540e-14
       11840.000   5.2911415e-14
       11850.000   5.3207291e-14
       11860.000   5.3503166e-14
       11870.000   5.3755448e-14
       11880.000   5.3428730e-14
       11890.000   5.3102012e-14
       11900.000   5.2775295e-14
       11910.000   5.2448577e-14
       11920.000   5.2165399e-14
       11930.000   5.1893107e-14
       11940.000   5.1620815e-14
       11950.000   5.1348523e-14
       11960.000   5.1099978e-14
       11970.000   5.0872495e-14
       11980.000   5.0645012e-14
       11990.000   5.0417529e-14
