       3000.0000   2.9720548e-18
       3010.0000   3.1123039e-18
       3020.0000   3.2579969e-18
       3030.0000   3.4092941e-18
       3040.0000   3.5663585e-18
       3050.0000   3.7293560e-18
       3060.0000   3.8984553e-18
       3070.0000   4.0738281e-18
       3080.0000   4.2556489e-18
       3090.0000   4.4440948e-18
       3100.0000   4.6393461e-18
       3110.0000   4.8415857e-18
       3120.0000   5.0509993e-18
       3130.0000   5.2677753e-18
       3140.0000   5.4921052e-18
       3150.0000   5.7241829e-18
       3160.0000   5.9642053e-18
       3170.0000   6.2123717e-18
       3180.0000   6.4688844e-18
       3190.0000   6.7339482e-18
       3200.0000   7.0077707e-18
       3210.0000   7.2905618e-18
       3220.0000   7.5825344e-18
       3230.0000   7.8839037e-18
       3240.0000   8.1948875e-18
       3250.0000   8.5157061e-18
       3260.0000   8.8465823e-18
       3270.0000   9.1877412e-18
       3280.0000   9.5394105e-18
       3290.0000   9.9018202e-18
       3300.0000   1.0275202e-17
       3310.0000   1.0659792e-17
       3320.0000   1.1055826e-17
       3330.0000   1.1463542e-17
       3340.0000   1.1883183e-17
       3350.0000   1.2314991e-17
       3360.0000   1.2759213e-17
       3370.0000   1.3216095e-17
       3380.0000   1.3685886e-17
       3390.0000   1.4168839e-17
       3400.0000   1.4665206e-17
       3410.0000   1.5175242e-17
       3420.0000   1.5699204e-17
       3430.0000   1.6237351e-17
       3440.0000   1.6789943e-17
       3450.0000   1.7357242e-17
       3460.0000   1.7939511e-17
       3470.0000   1.8537015e-17
       3480.0000   1.9150020e-17
       3490.0000   1.9778795e-17
       3500.0000   2.0423608e-17
       3510.0000   2.1084729e-17
       3520.0000   2.1762432e-17
       3530.0000   2.2456987e-17
       3540.0000   2.3168670e-17
       3550.0000   2.3897754e-17
       3560.0000   2.4644516e-17
       3570.0000   2.5409233e-17
       3580.0000   2.6192183e-17
       3590.0000   2.6993643e-17
       3600.0000   2.7813894e-17
       3610.0000   2.8653214e-17
       3620.0000   2.9511885e-17
       3630.0000   3.0390187e-17
       3640.0000   3.1288402e-17
       3650.0000   3.2206812e-17
       3660.0000   3.3145699e-17
       3670.0000   3.4105345e-17
       3680.0000   3.5086033e-17
       3690.0000   3.6088046e-17
       3700.0000   3.7111667e-17
       3710.0000   3.8157178e-17
       3720.0000   3.9224863e-17
       3730.0000   4.0315004e-17
       3740.0000   4.1427884e-17
       3750.0000   4.2563785e-17
       3760.0000   4.3722989e-17
       3770.0000   4.4905778e-17
       3780.0000   4.6112432e-17
       3790.0000   4.7343232e-17
       3800.0000   4.8598458e-17
       3810.0000   4.9878390e-17
       3820.0000   5.1183305e-17
       3830.0000   5.2513483e-17
       3840.0000   5.3869199e-17
       3850.0000   5.5250730e-17
       3860.0000   5.6658351e-17
       3870.0000   5.8092336e-17
       3880.0000   5.9552957e-17
       3890.0000   6.1040487e-17
       3900.0000   6.2555197e-17
       3910.0000   6.4097354e-17
       3920.0000   6.5667227e-17
       3930.0000   6.7265083e-17
       3940.0000   6.8891187e-17
       3950.0000   7.0545801e-17
       3960.0000   7.2229188e-17
       3970.0000   7.3941607e-17
       3980.0000   7.5683318e-17
       3990.0000   7.7454576e-17
       4000.0000   7.9255637e-17
       4010.0000   8.1086753e-17
       4020.0000   8.2948176e-17
       4030.0000   8.4840154e-17
       4040.0000   8.6762934e-17
       4050.0000   8.8716761e-17
       4060.0000   9.0701878e-17
       4070.0000   9.2718524e-17
       4080.0000   9.4766939e-17
       4090.0000   9.6847357e-17
       4100.0000   9.8960013e-17
       4110.0000   1.0110514e-16
       4120.0000   1.0328296e-16
       4130.0000   1.0549370e-16
       4140.0000   1.0773759e-16
       4150.0000   1.1001484e-16
       4160.0000   1.1232569e-16
       4170.0000   1.1467033e-16
       4180.0000   1.1704898e-16
       4190.0000   1.1946186e-16
       4200.0000   1.2190916e-16
       4210.0000   1.2439110e-16
       4220.0000   1.2690788e-16
       4230.0000   1.2945969e-16
       4240.0000   1.3204673e-16
       4250.0000   1.3466918e-16
       4260.0000   1.3732725e-16
       4270.0000   1.4002112e-16
       4280.0000   1.4275096e-16
       4290.0000   1.4551696e-16
       4300.0000   1.4831930e-16
       4310.0000   1.5115815e-16
       4320.0000   1.5403367e-16
       4330.0000   1.5694604e-16
       4340.0000   1.5989542e-16
       4350.0000   1.6288197e-16
       4360.0000   1.6590584e-16
       4370.0000   1.6896719e-16
       4380.0000   1.7206617e-16
       4390.0000   1.7520292e-16
       4400.0000   1.7837759e-16
       4410.0000   1.8159031e-16
       4420.0000   1.8484123e-16
       4430.0000   1.8813047e-16
       4440.0000   1.9145816e-16
       4450.0000   1.9482443e-16
       4460.0000   1.9822940e-16
       4470.0000   2.0167319e-16
       4480.0000   2.0515590e-16
       4490.0000   2.0867766e-16
       4500.0000   2.1223856e-16
       4510.0000   2.1583872e-16
       4520.0000   2.1947822e-16
       4530.0000   2.2315717e-16
       4540.0000   2.2687566e-16
       4550.0000   2.3063377e-16
       4560.0000   2.3443159e-16
       4570.0000   2.3826920e-16
       4580.0000   2.4214668e-16
       4590.0000   2.4606410e-16
       4600.0000   2.5002153e-16
       4610.0000   2.5401903e-16
       4620.0000   2.5805666e-16
       4630.0000   2.6213450e-16
       4640.0000   2.6625258e-16
       4650.0000   2.7041095e-16
       4660.0000   2.7460967e-16
       4670.0000   2.7884878e-16
       4680.0000   2.8312832e-16
       4690.0000   2.8744832e-16
       4700.0000   2.9180880e-16
       4710.0000   2.9620981e-16
       4720.0000   3.0065136e-16
       4730.0000   3.0513348e-16
       4740.0000   3.0965617e-16
       4750.0000   3.1421946e-16
       4760.0000   3.1882335e-16
       4770.0000   3.2346784e-16
       4780.0000   3.2815293e-16
       4790.0000   3.3287863e-16
       4800.0000   3.3764493e-16
       4810.0000   3.4245181e-16
       4820.0000   3.4729927e-16
       4830.0000   3.5218728e-16
       4840.0000   3.5711582e-16
       4850.0000   3.6208487e-16
       4860.0000   3.6709440e-16
       4870.0000   3.7214438e-16
       4880.0000   3.7723477e-16
       4890.0000   3.8236554e-16
       4900.0000   3.8753663e-16
       4910.0000   3.9274800e-16
       4920.0000   3.9799961e-16
       4930.0000   4.0329139e-16
       4940.0000   4.0862329e-16
       4950.0000   4.1399525e-16
       4960.0000   4.1940721e-16
       4970.0000   4.2485909e-16
       4980.0000   4.3035083e-16
       4990.0000   4.3588235e-16
       5000.0000   4.4145356e-16
       5010.0000   4.4706440e-16
       5020.0000   4.5271478e-16
       5030.0000   4.5840460e-16
       5040.0000   4.6413378e-16
       5050.0000   4.6990221e-16
       5060.0000   4.7570981e-16
       5070.0000   4.8155647e-16
       5080.0000   4.8744208e-16
       5090.0000   4.9336654e-16
       5100.0000   4.9932973e-16
       5110.0000   5.0533155e-16
       5120.0000   5.1137187e-16
       5130.0000   5.1745057e-16
       5140.0000   5.2356753e-16
       5150.0000   5.2972262e-16
       5160.0000   5.3591571e-16
       5170.0000   5.4214667e-16
       5180.0000   5.4841537e-16
       5190.0000   5.5472166e-16
       5200.0000   5.6106540e-16
       5210.0000   5.6744645e-16
       5220.0000   5.7386466e-16
       5230.0000   5.8031988e-16
       5240.0000   5.8681196e-16
       5250.0000   5.9334074e-16
       5260.0000   5.9990606e-16
       5270.0000   6.0650776e-16
       5280.0000   6.1314568e-16
       5290.0000   6.1981965e-16
       5300.0000   6.2652949e-16
       5310.0000   6.3327505e-16
       5320.0000   6.4005614e-16
       5330.0000   6.4687259e-16
       5340.0000   6.5372422e-16
       5350.0000   7.0806803e-16
       5360.0000   6.6677688e-16
       5370.0000   6.5643557e-16
       5380.0000   7.2960473e-16
       5390.0000   7.7874571e-16
       5400.0000   7.8852876e-16
       5410.0000   7.9787070e-16
       5420.0000   8.0883510e-16
       5430.0000   8.3958047e-16
       5440.0000   8.1577922e-16
       5450.0000   5.7601292e-16
       5460.0000   3.9282670e-16
       5470.0000   4.3536764e-16
       5480.0000   4.4309368e-16
       5490.0000   4.2878044e-16
       5500.0000   3.2849092e-16
       5510.0000   2.3163270e-16
       5520.0000   1.9831948e-16
       5530.0000   1.8089205e-16
       5540.0000   1.7243211e-16
       5550.0000   1.9432648e-16
       5560.0000   2.6938173e-16
       5570.0000   4.2168047e-16
       5580.0000   5.1960362e-16
       5590.0000   5.0777068e-16
       5600.0000   4.6463269e-16
       5610.0000   4.4754625e-16
       5620.0000   4.3557342e-16
       5630.0000   4.2019986e-16
       5640.0000   4.4299214e-16
       5650.0000   5.0390463e-16
       5660.0000   5.0839591e-16
       5670.0000   4.8282539e-16
       5680.0000   5.0843617e-16
       5690.0000   5.5278329e-16
       5700.0000   6.2264903e-16
       5710.0000   6.3878307e-16
       5720.0000   6.0856345e-16
       5730.0000   6.0842081e-16
       5740.0000   6.4334698e-16
       5750.0000   6.8410257e-16
       5760.0000   6.3137789e-16
       5770.0000   5.6684294e-16
       5780.0000   6.3744783e-16
       5790.0000   7.2747381e-16
       5800.0000   7.8160323e-16
       5810.0000   6.9852028e-16
       5820.0000   5.9372265e-16
       5830.0000   5.9745324e-16
       5840.0000   5.6782947e-16
       5850.0000   4.7026684e-16
       5860.0000   3.8799860e-16
       5870.0000   3.6041967e-16
       5880.0000   3.2867545e-16
       5890.0000   2.9179418e-16
       5900.0000   2.8942418e-16
       5910.0000   2.8462909e-16
       5920.0000   3.1177250e-16
       5930.0000   3.3434082e-16
       5940.0000   3.6700049e-16
       5950.0000   3.7946169e-16
       5960.0000   3.7145229e-16
       5970.0000   3.7631578e-16
       5980.0000   3.9939950e-16
       5990.0000   4.2701905e-16
       6000.0000   4.3941274e-16
       6010.0000   4.4519548e-16
       6020.0000   4.7207843e-16
       6030.0000   4.9513636e-16
       6040.0000   5.3531935e-16
       6050.0000   5.8489336e-16
       6060.0000   6.0862735e-16
       6070.0000   6.2067483e-16
       6080.0000   6.2530137e-16
       6090.0000   6.2188371e-16
       6100.0000   6.2410693e-16
       6110.0000   5.9732604e-16
       6120.0000   5.6455450e-16
       6130.0000   5.3109708e-16
       6140.0000   4.9911103e-16
       6150.0000   4.4267138e-16
       6160.0000   3.7278373e-16
       6170.0000   3.2559881e-16
       6180.0000   3.1311905e-16
       6190.0000   2.9986464e-16
       6200.0000   2.9380757e-16
       6210.0000   2.9283952e-16
       6220.0000   2.8761514e-16
       6230.0000   2.8933645e-16
       6240.0000   2.9698920e-16
       6250.0000   3.0783667e-16
       6260.0000   3.3042884e-16
       6270.0000   3.6194934e-16
       6280.0000   4.0276381e-16
       6290.0000   4.6303852e-16
       6300.0000   5.3149255e-16
       6310.0000   6.3075867e-16
       6320.0000   6.9709489e-16
       6330.0000   7.7541225e-16
       6340.0000   8.6986245e-16
       6350.0000   8.8101829e-16
       6360.0000   8.5427122e-16
       6370.0000   8.3492307e-16
       6380.0000   8.2152215e-16
       6390.0000   8.5078518e-16
       6400.0000   9.4560282e-16
       6410.0000   9.7083885e-16
       6420.0000   9.3589315e-16
       6430.0000   9.3277081e-16
       6440.0000   9.8541692e-16
       6450.0000   1.0251110e-15
       6460.0000   1.0810247e-15
       6470.0000   1.1478005e-15
       6480.0000   1.1626829e-15
       6490.0000   1.2011215e-15
       6500.0000   1.3994541e-15
       6510.0000   1.6173362e-15
       6520.0000   1.8747158e-15
       6530.0000   2.1950436e-15
       6540.0000   2.2373329e-15
       6550.0000   2.2624021e-15
       6560.0000   2.1421978e-15
       6570.0000   1.9519137e-15
       6580.0000   1.5006183e-15
       6590.0000   1.4654984e-15
       6600.0000   1.4687416e-15
       6610.0000   1.4363099e-15
       6620.0000   1.3597905e-15
       6630.0000   1.2274394e-15
       6640.0000   1.1616725e-15
       6650.0000   1.0421762e-15
       6660.0000   1.0187461e-15
       6670.0000   1.0565342e-15
       6680.0000   1.0056368e-15
       6690.0000   9.2875115e-16
       6700.0000   9.9998988e-16
       6710.0000   9.5805927e-16
       6720.0000   8.9482211e-16
       6730.0000   8.8877627e-16
       6740.0000   9.4467175e-16
       6750.0000   9.7081723e-16
       6760.0000   1.0274156e-15
       6770.0000   1.1395069e-15
       6780.0000   1.0919131e-15
       6790.0000   1.0350303e-15
       6800.0000   1.0816945e-15
       6810.0000   1.1367994e-15
       6820.0000   1.1722104e-15
       6830.0000   1.2153627e-15
       6840.0000   1.2449544e-15
       6850.0000   1.2121398e-15
       6860.0000   1.1869055e-15
       6870.0000   1.2757360e-15
       6880.0000   1.3366649e-15
       6890.0000   1.3686907e-15
       6900.0000   1.4563759e-15
       6910.0000   1.4923797e-15
       6920.0000   1.6468094e-15
       6930.0000   1.7994349e-15
       6940.0000   2.1555947e-15
       6950.0000   2.3202677e-15
       6960.0000   2.4441684e-15
       6970.0000   2.5836699e-15
       6980.0000   2.7207061e-15
       6990.0000   2.8211283e-15
       7000.0000   2.9118000e-15
       7010.0000   3.1292198e-15
       7020.0000   3.4531144e-15
       7030.0000   3.9228939e-15
       7040.0000   4.3895619e-15
       7050.0000   3.4939541e-15
       7060.0000   2.4146986e-15
       7070.0000   1.7538792e-15
       7080.0000   1.7531161e-15
       7090.0000   1.5145474e-15
       7100.0000   1.3249571e-15
       7110.0000   1.5613826e-15
       7120.0000   1.4782616e-15
       7130.0000   1.2516457e-15
       7140.0000   1.0724665e-15
       7150.0000   1.2169339e-15
       7160.0000   1.3169348e-15
       7170.0000   1.4185074e-15
       7180.0000   1.6446309e-15
       7190.0000   1.7299941e-15
       7200.0000   1.7366367e-15
       7210.0000   1.7675111e-15
       7220.0000   2.0235843e-15
       7230.0000   2.3139799e-15
       7240.0000   2.6548731e-15
       7250.0000   3.0538508e-15
       7260.0000   3.3966786e-15
       7270.0000   3.6187254e-15
       7280.0000   3.8531991e-15
       7290.0000   4.3144925e-15
       7300.0000   4.9142284e-15
       7310.0000   5.5265940e-15
       7320.0000   5.9766435e-15
       7330.0000   6.4684877e-15
       7340.0000   6.7268063e-15
       7350.0000   6.9631743e-15
       7360.0000   7.2707711e-15
       7370.0000   7.5589644e-15
       7380.0000   7.8157946e-15
       7390.0000   7.8589440e-15
       7400.0000   7.8702242e-15
       7410.0000   7.7839507e-15
       7420.0000   7.8622866e-15
       7430.0000   7.8120287e-15
       7440.0000   7.8196642e-15
       7450.0000   7.7647189e-15
       7460.0000   7.8776566e-15
       7470.0000   8.0444189e-15
       7480.0000   8.2068575e-15
       7490.0000   8.4344796e-15
       7500.0000   8.6530961e-15
       7510.0000   8.8995670e-15
       7520.0000   8.9544509e-15
       7530.0000   9.2634905e-15
       7540.0000   9.6212631e-15
       7550.0000   1.0008780e-14
       7560.0000   9.9823922e-15
       7570.0000   1.0191534e-14
       7580.0000   9.1634350e-15
       7590.0000   7.8282226e-15
       7600.0000   6.4990360e-15
       7610.0000   6.8308069e-15
       7620.0000   6.4103985e-15
       7630.0000   5.5988514e-15
       7640.0000   4.4057283e-15
       7650.0000   3.5544796e-15
       7660.0000   2.6276172e-15
       7670.0000   2.2661482e-15
       7680.0000   2.5479250e-15
       7690.0000   2.5161669e-15
       7700.0000   2.5976224e-15
       7710.0000   3.0087647e-15
       7720.0000   4.0881592e-15
       7730.0000   4.8125195e-15
       7740.0000   4.8205484e-15
       7750.0000   4.5691121e-15
       7760.0000   4.4447938e-15
       7770.0000   4.7192663e-15
       7780.0000   4.9169678e-15
       7790.0000   4.9277117e-15
       7800.0000   5.4351610e-15
       7810.0000   5.8862096e-15
       7820.0000   5.9930736e-15
       7830.0000   5.7869874e-15
       7840.0000   5.7969132e-15
       7850.0000   6.1114773e-15
       7860.0000   6.2045975e-15
       7870.0000   6.4291984e-15
       7880.0000   6.8261776e-15
       7890.0000   7.1029554e-15
       7900.0000   6.9170253e-15
       7910.0000   6.5712524e-15
       7920.0000   6.6850671e-15
       7930.0000   6.8884980e-15
       7940.0000   7.0594055e-15
       7950.0000   7.2209076e-15
       7960.0000   7.6634047e-15
       7970.0000   7.9307915e-15
       7980.0000   7.9303315e-15
       7990.0000   7.9077448e-15
       8000.0000   8.3777286e-15
       8010.0000   9.0446635e-15
       8020.0000   9.7994321e-15
       8030.0000   1.0356489e-14
       8040.0000   1.1040366e-14
       8050.0000   1.1691282e-14
       8060.0000   1.2359397e-14
       8070.0000   1.3050054e-14
       8080.0000   1.3606819e-14
       8090.0000   1.4053149e-14
       8100.0000   1.4509646e-14
       8110.0000   1.4958767e-14
       8120.0000   1.5711292e-14
       8130.0000   1.6189705e-14
       8140.0000   1.6450845e-14
       8150.0000   1.6489678e-14
       8160.0000   1.6642211e-14
       8170.0000   1.5472696e-14
       8180.0000   1.3978706e-14
       8190.0000   1.2533892e-14
       8200.0000   1.2911133e-14
       8210.0000   1.3993562e-14
       8220.0000   1.5471956e-14
       8230.0000   1.6323219e-14
       8240.0000   1.6680035e-14
       8250.0000   1.6733756e-14
       8260.0000   1.6491800e-14
       8270.0000   1.6209419e-14
       8280.0000   1.5599249e-14
       8290.0000   1.4831669e-14
       8300.0000   1.4309377e-14
       8310.0000   1.4513603e-14
       8320.0000   1.4694346e-14
       8330.0000   1.4904755e-14
       8340.0000   1.4719231e-14
       8350.0000   1.4781926e-14
       8360.0000   1.4909326e-14
       8370.0000   1.4812631e-14
       8380.0000   1.4373541e-14
       8390.0000   1.4324722e-14
       8400.0000   1.4734915e-14
       8410.0000   1.5149619e-14
       8420.0000   1.4538097e-14
       8430.0000   1.3106395e-14
       8440.0000   1.1189252e-14
       8450.0000   9.5719762e-15
       8460.0000   8.8473445e-15
       8470.0000   8.8662580e-15
       8480.0000   9.4163343e-15
       8490.0000   9.8369362e-15
       8500.0000   9.8969396e-15
       8510.0000   9.5198521e-15
       8520.0000   9.6547914e-15
       8530.0000   1.0054216e-14
       8540.0000   1.1047496e-14
       8550.0000   1.1523708e-14
       8560.0000   1.1963637e-14
       8570.0000   1.2155261e-14
       8580.0000   1.2446430e-14
       8590.0000   1.2764103e-14
       8600.0000   1.2980286e-14
       8610.0000   1.2975822e-14
       8620.0000   1.2816304e-14
       8630.0000   1.2677385e-14
       8640.0000   1.2876082e-14
       8650.0000   1.3170006e-14
       8660.0000   1.3477179e-14
       8670.0000   1.3857690e-14
       8680.0000   1.3522655e-14
       8690.0000   1.3195695e-14
       8700.0000   1.2635568e-14
       8710.0000   1.2556280e-14
       8720.0000   1.3045017e-14
       8730.0000   1.3580669e-14
       8740.0000   1.4254343e-14
       8750.0000   1.4757649e-14
       8760.0000   1.5715047e-14
       8770.0000   1.6202817e-14
       8780.0000   1.6741196e-14
       8790.0000   1.6791098e-14
       8800.0000   1.7175641e-14
       8810.0000   1.7359589e-14
       8820.0000   1.7963998e-14
       8830.0000   1.8600823e-14
       8840.0000   1.8709330e-14
       8850.0000   1.7951242e-14
       8860.0000   1.6107578e-14
       8870.0000   1.5139042e-14
       8880.0000   1.4682750e-14
       8890.0000   1.5356098e-14
       8900.0000   1.5961439e-14
       8910.0000   1.6546333e-14
       8920.0000   1.7362868e-14
       8930.0000   1.7056384e-14
       8940.0000   1.6904279e-14
       8950.0000   1.6833833e-14
       8960.0000   1.7214924e-14
       8970.0000   1.8058262e-14
       8980.0000   1.8470919e-14
       8990.0000   1.9092416e-14
       9000.0000   1.9313848e-14
       9010.0000   1.8749515e-14
       9020.0000   1.8833965e-14
       9030.0000   1.9032541e-14
       9040.0000   1.9555467e-14
       9050.0000   1.9978093e-14
       9060.0000   1.9703379e-14
       9070.0000   1.9751845e-14
       9080.0000   2.0227655e-14
       9090.0000   2.0938650e-14
       9100.0000   2.1335474e-14
       9110.0000   2.1941364e-14
       9120.0000   2.2322594e-14
       9130.0000   2.2494379e-14
       9140.0000   2.2744338e-14
       9150.0000   2.3038901e-14
       9160.0000   2.3417371e-14
       9170.0000   2.3720991e-14
       9180.0000   2.3959367e-14
       9190.0000   2.5878481e-14
       9200.0000   2.5127775e-14
       9210.0000   2.5063765e-14
       9220.0000   2.4905133e-14
       9230.0000   2.4710611e-14
       9240.0000   2.4516088e-14
       9250.0000   2.4343600e-14
       9260.0000   2.4257606e-14
       9270.0000   2.4171613e-14
       9280.0000   2.4085619e-14
       9290.0000   2.4067767e-14
       9300.0000   2.4084553e-14
       9310.0000   2.4101340e-14
       9320.0000   2.4130538e-14
       9330.0000   2.4264471e-14
       9340.0000   2.4398404e-14
       9350.0000   2.4532337e-14
       9360.0000   2.4684246e-14
       9370.0000   2.4851971e-14
       9380.0000   2.5019697e-14
       9390.0000   2.5187422e-14
       9400.0000   2.5386693e-14
       9410.0000   2.5587942e-14
       9420.0000   2.5789190e-14
       9430.0000   2.6007097e-14
       9440.0000   2.6258369e-14
       9450.0000   2.6509641e-14
       9460.0000   2.6760913e-14
       9470.0000   2.6941812e-14
       9480.0000   2.7093825e-14
       9490.0000   2.7245838e-14
       9500.0000   2.7394666e-14
       9510.0000   2.7499888e-14
       9520.0000   2.7605110e-14
       9530.0000   2.7710333e-14
       9540.0000   2.7790074e-14
       9550.0000   2.7833451e-14
       9560.0000   2.7876828e-14
       9570.0000   2.7920204e-14
       9580.0000   2.8015103e-14
       9590.0000   2.8128200e-14
       9600.0000   2.8241298e-14
       9610.0000   2.8357779e-14
       9620.0000   2.8538538e-14
       9630.0000   2.8719297e-14
       9640.0000   2.8900056e-14
       9650.0000   2.9050944e-14
       9660.0000   2.9145125e-14
       9670.0000   2.9239305e-14
       9680.0000   2.9333486e-14
       9690.0000   2.9428628e-14
       9700.0000   2.9524346e-14
       9710.0000   2.9620065e-14
       9720.0000   2.9715783e-14
       9730.0000   2.9878595e-14
       9740.0000   3.0049695e-14
       9750.0000   3.0220796e-14
       9760.0000   3.0381287e-14
       9770.0000   3.0476038e-14
       9780.0000   3.0570790e-14
       9790.0000   3.0665541e-14
       9800.0000   3.0685633e-14
       9810.0000   3.0580198e-14
       9820.0000   3.0474763e-14
       9830.0000   3.0369328e-14
       9840.0000   2.9956756e-14
       9850.0000   2.9333357e-14
       9860.0000   2.8709957e-14
       9870.0000   2.8086557e-14
       9880.0000   2.7626711e-14
       9890.0000   2.7208254e-14
       9900.0000   2.6789797e-14
       9910.0000   2.6371340e-14
       9920.0000   2.6073298e-14
       9930.0000   2.5776721e-14
       9940.0000   2.5480143e-14
       9950.0000   2.5231893e-14
       9960.0000   2.5229884e-14
       9970.0000   2.5227874e-14
       9980.0000   2.5225864e-14
       9990.0000   2.5284669e-14
       10000.000   2.5469222e-14
       10010.000   2.5653775e-14
       10020.000   2.5838327e-14
       10030.000   2.6126134e-14
       10040.000   2.6530366e-14
       10050.000   2.6934598e-14
       10060.000   2.7338830e-14
       10070.000   2.7713382e-14
       10080.000   2.8068963e-14
       10090.000   2.8424543e-14
       10100.000   2.8780124e-14
       10110.000   2.9047105e-14
       10120.000   2.9281312e-14
       10130.000   2.9515520e-14
       10140.000   2.9749727e-14
       10150.000   2.9747380e-14
       10160.000   2.9699956e-14
       10170.000   2.9652532e-14
       10180.000   2.9605107e-14
       10190.000   2.9545687e-14
       10200.000   2.9485363e-14
       10210.000   2.9425039e-14
       10220.000   2.9365045e-14
       10230.000   2.9321298e-14
       10240.000   2.9277552e-14
       10250.000   2.9233805e-14
       10260.000   2.9200691e-14
       10270.000   2.9289880e-14
       10280.000   2.9379070e-14
       10290.000   2.9468259e-14
       10300.000   2.9573848e-14
       10310.000   2.9780226e-14
       10320.000   2.9986604e-14
       10330.000   3.0192982e-14
       10340.000   3.0412560e-14
       10350.000   3.0688437e-14
       10360.000   3.0964313e-14
       10370.000   3.1240190e-14
       10380.000   3.1498580e-14
       10390.000   3.1694947e-14
       10400.000   3.1891313e-14
       10410.000   3.2087679e-14
       10420.000   3.2229597e-14
       10430.000   3.2199130e-14
       10440.000   3.2168663e-14
       10450.000   3.2138197e-14
       10460.000   3.2091814e-14
       10470.000   3.1997682e-14
       10480.000   3.1903550e-14
       10490.000   3.1809418e-14
       10500.000   3.1686584e-14
       10510.000   3.1477645e-14
       10520.000   3.1268706e-14
       10530.000   3.1059766e-14
       10540.000   3.0903514e-14
       10550.000   3.0923571e-14
       10560.000   3.0943628e-14
       10570.000   3.0963685e-14
       10580.000   3.0996937e-14
       10590.000   3.1079838e-14
       10600.000   3.1162740e-14
       10610.000   3.1245642e-14
       10620.000   3.1347661e-14
       10630.000   3.1543070e-14
       10640.000   3.1738479e-14
       10650.000   3.1933888e-14
       10660.000   3.2130784e-14
       10670.000   3.2337637e-14
       10680.000   3.2544490e-14
       10690.000   3.2751343e-14
       10700.000   3.2961095e-14
       10710.000   3.3209344e-14
       10720.000   3.3457592e-14
       10730.000   3.3705841e-14
       10740.000   3.3954090e-14
       10750.000   3.4121743e-14
       10760.000   3.4289397e-14
       10770.000   3.4457051e-14
       10780.000   3.4624705e-14
       10790.000   3.4783871e-14
       10800.000   3.4942397e-14
       10810.000   3.5100924e-14
       10820.000   3.5259450e-14
       10830.000   3.5325875e-14
       10840.000   3.5374761e-14
       10850.000   3.5423647e-14
       10860.000   3.5472533e-14
       10870.000   3.5446521e-14
       10880.000   3.5394199e-14
       10890.000   3.5341877e-14
       10900.000   3.5289555e-14
       10910.000   3.5301027e-14
       10920.000   3.5348394e-14
       10930.000   3.5395760e-14
       10940.000   3.5443127e-14
       10950.000   3.5512009e-14
       10960.000   3.5600759e-14
       10970.000   3.5689509e-14
       10980.000   3.5778259e-14
       10990.000   3.5813633e-14
       11000.000   3.5768941e-14
       11010.000   3.5724249e-14
       11020.000   3.5679557e-14
       11030.000   3.5600583e-14
       11040.000   3.5428885e-14
       11050.000   3.5257188e-14
       11060.000   3.5085490e-14
       11070.000   3.4925597e-14
       11080.000   3.4844720e-14
       11090.000   3.4763844e-14
       11100.000   3.4682968e-14
       11110.000   3.4602091e-14
       11120.000   3.4608546e-14
       11130.000   3.4616777e-14
       11140.000   3.4625007e-14
       11150.000   3.4633237e-14
       11160.000   3.4693796e-14
       11170.000   3.4765840e-14
       11180.000   3.4837884e-14
       11190.000   3.4909928e-14
       11200.000   3.5006545e-14
       11210.000   3.5115818e-14
       11220.000   3.5225091e-14
       11230.000   3.5334363e-14
       11240.000   3.5356235e-14
       11250.000   3.5283416e-14
       11260.000   3.5210597e-14
       11270.000   3.5137778e-14
       11280.000   3.4984110e-14
       11290.000   3.4641796e-14
       11300.000   3.4299482e-14
       11310.000   3.3957168e-14
       11320.000   3.3623974e-14
       11330.000   3.3357712e-14
       11340.000   3.3091451e-14
       11350.000   3.2825189e-14
       11360.000   3.2558927e-14
       11370.000   3.2454689e-14
       11380.000   3.2364537e-14
       11390.000   3.2274385e-14
       11400.000   3.2184232e-14
       11410.000   3.2360405e-14
       11420.000   3.2640138e-14
       11430.000   3.2919871e-14
       11440.000   3.3199604e-14
       11450.000   3.3566426e-14
       11460.000   3.4013631e-14
       11470.000   3.4460836e-14
       11480.000   3.4908042e-14
       11490.000   3.5270114e-14
       11500.000   3.5433545e-14
       11510.000   3.5596976e-14
       11520.000   3.5760406e-14
       11530.000   3.5911298e-14
       11540.000   3.5917960e-14
       11550.000   3.5924623e-14
       11560.000   3.5931285e-14
       11570.000   3.5937947e-14
       11580.000   3.5770129e-14
       11590.000   3.5571520e-14
       11600.000   3.5372912e-14
       11610.000   3.5174303e-14
       11620.000   3.4990945e-14
       11630.000   3.4816938e-14
       11640.000   3.4642930e-14
       11650.000   3.4468922e-14
       11660.000   3.4257266e-14
       11670.000   3.3984203e-14
       11680.000   3.3711140e-14
       11690.000   3.3438077e-14
       11700.000   3.3176749e-14
       11710.000   3.2987480e-14
       11720.000   3.2798211e-14
       11730.000   3.2608942e-14
       11740.000   3.2419673e-14
       11750.000   3.2456585e-14
       11760.000   3.2521467e-14
       11770.000   3.2586350e-14
       11780.000   3.2651233e-14
       11790.000   3.2683263e-14
       11800.000   3.2696816e-14
       11810.000   3.2710368e-14
       11820.000   3.2723921e-14
       11830.000   3.2790593e-14
       11840.000   3.2943942e-14
       11850.000   3.3097290e-14
       11860.000   3.3250638e-14
       11870.000   3.3360911e-14
       11880.000   3.3155353e-14
       11890.000   3.2949795e-14
       11900.000   3.2744237e-14
       11910.000   3.2538678e-14
       11920.000   3.2305737e-14
       11930.000   3.2067967e-14
       11940.000   3.1830196e-14
       11950.000   3.1592426e-14
       11960.000   3.1442529e-14
       11970.000   3.1356270e-14
       11980.000   3.1270011e-14
       11990.000   3.1183752e-14
