       3000.0000   6.3637922e-19
       3010.0000   6.6893793e-19
       3020.0000   7.0289144e-19
       3030.0000   7.3828668e-19
       3040.0000   7.7517161e-19
       3050.0000   8.1359530e-19
       3060.0000   8.5360787e-19
       3070.0000   8.9526054e-19
       3080.0000   9.3860563e-19
       3090.0000   9.8369655e-19
       3100.0000   1.0305878e-18
       3110.0000   1.0793350e-18
       3120.0000   1.1299949e-18
       3130.0000   1.1826254e-18
       3140.0000   1.2372854e-18
       3150.0000   1.2940350e-18
       3160.0000   1.3529355e-18
       3170.0000   1.4140492e-18
       3180.0000   1.4774396e-18
       3190.0000   1.5431712e-18
       3200.0000   1.6113099e-18
       3210.0000   1.6819226e-18
       3220.0000   1.7550771e-18
       3230.0000   1.8308428e-18
       3240.0000   1.9092897e-18
       3250.0000   1.9904894e-18
       3260.0000   2.0745144e-18
       3270.0000   2.1614382e-18
       3280.0000   2.2513357e-18
       3290.0000   2.3442828e-18
       3300.0000   2.4403563e-18
       3310.0000   2.5396344e-18
       3320.0000   2.6421964e-18
       3330.0000   2.7481224e-18
       3340.0000   2.8574938e-18
       3350.0000   2.9703931e-18
       3360.0000   3.0869039e-18
       3370.0000   3.2071106e-18
       3380.0000   3.3310989e-18
       3390.0000   3.4589556e-18
       3400.0000   3.5907683e-18
       3410.0000   3.7266258e-18
       3420.0000   3.8666178e-18
       3430.0000   4.0108352e-18
       3440.0000   4.1593696e-18
       3450.0000   4.3123140e-18
       3460.0000   4.4697618e-18
       3470.0000   4.6318079e-18
       3480.0000   4.7985479e-18
       3490.0000   4.9700783e-18
       3500.0000   5.1464965e-18
       3510.0000   5.3279010e-18
       3520.0000   5.5143910e-18
       3530.0000   5.7060666e-18
       3540.0000   5.9030287e-18
       3550.0000   6.1053793e-18
       3560.0000   6.3132209e-18
       3570.0000   6.5266570e-18
       3580.0000   6.7457918e-18
       3590.0000   6.9707303e-18
       3600.0000   7.2015782e-18
       3610.0000   7.4384421e-18
       3620.0000   7.6814292e-18
       3630.0000   7.9306472e-18
       3640.0000   8.1862049e-18
       3650.0000   8.4482113e-18
       3660.0000   8.7167764e-18
       3670.0000   8.9920107e-18
       3680.0000   9.2740251e-18
       3690.0000   9.5629314e-18
       3700.0000   9.8588417e-18
       3710.0000   1.0161869e-17
       3720.0000   1.0472126e-17
       3730.0000   1.0789726e-17
       3740.0000   1.1114785e-17
       3750.0000   1.1447416e-17
       3760.0000   1.1787734e-17
       3770.0000   1.2135855e-17
       3780.0000   1.2491895e-17
       3790.0000   1.2855970e-17
       3800.0000   1.3228196e-17
       3810.0000   1.3608691e-17
       3820.0000   1.3997570e-17
       3830.0000   1.4394952e-17
       3840.0000   1.4800954e-17
       3850.0000   1.5215693e-17
       3860.0000   1.5639289e-17
       3870.0000   1.6071858e-17
       3880.0000   1.6513519e-17
       3890.0000   1.6964390e-17
       3900.0000   1.7424590e-17
       3910.0000   1.7894237e-17
       3920.0000   1.8373449e-17
       3930.0000   1.8862346e-17
       3940.0000   1.9361046e-17
       3950.0000   1.9869666e-17
       3960.0000   2.0388326e-17
       3970.0000   2.0917144e-17
       3980.0000   2.1456238e-17
       3990.0000   2.2005725e-17
       4000.0000   2.2565725e-17
       4010.0000   2.3136354e-17
       4020.0000   2.3717730e-17
       4030.0000   2.4309970e-17
       4040.0000   2.4913192e-17
       4050.0000   2.5527512e-17
       4060.0000   2.6153045e-17
       4070.0000   2.6789910e-17
       4080.0000   2.7438220e-17
       4090.0000   2.8098092e-17
       4100.0000   2.8769640e-17
       4110.0000   2.9452978e-17
       4120.0000   3.0148222e-17
       4130.0000   3.0855483e-17
       4140.0000   3.1574876e-17
       4150.0000   3.2306513e-17
       4160.0000   3.3050505e-17
       4170.0000   3.3806964e-17
       4180.0000   3.4576002e-17
       4190.0000   3.5357727e-17
       4200.0000   3.6152250e-17
       4210.0000   3.6959680e-17
       4220.0000   3.7780124e-17
       4230.0000   3.8613691e-17
       4240.0000   3.9460486e-17
       4250.0000   4.0320617e-17
       4260.0000   4.1194187e-17
       4270.0000   4.2081303e-17
       4280.0000   4.2982066e-17
       4290.0000   4.3896581e-17
       4300.0000   4.4824949e-17
       4310.0000   4.5767271e-17
       4320.0000   4.6723648e-17
       4330.0000   4.7694178e-17
       4340.0000   4.8678961e-17
       4350.0000   4.9678093e-17
       4360.0000   5.0691672e-17
       4370.0000   5.1719792e-17
       4380.0000   5.2762547e-17
       4390.0000   5.3820033e-17
       4400.0000   5.4892340e-17
       4410.0000   5.5979561e-17
       4420.0000   5.7081785e-17
       4430.0000   5.8199103e-17
       4440.0000   5.9331601e-17
       4450.0000   6.0479367e-17
       4460.0000   6.1642487e-17
       4470.0000   6.2821046e-17
       4480.0000   6.4015127e-17
       4490.0000   6.5224813e-17
       4500.0000   6.6450184e-17
       4510.0000   6.7691321e-17
       4520.0000   6.8948302e-17
       4530.0000   7.0221206e-17
       4540.0000   7.1510108e-17
       4550.0000   7.2815083e-17
       4560.0000   7.4136206e-17
       4570.0000   7.5473548e-17
       4580.0000   7.6827180e-17
       4590.0000   7.8197174e-17
       4600.0000   7.9583596e-17
       4610.0000   8.0986515e-17
       4620.0000   8.2405997e-17
       4630.0000   8.3842105e-17
       4640.0000   8.5294903e-17
       4650.0000   8.6764453e-17
       4660.0000   8.8250816e-17
       4670.0000   8.9754049e-17
       4680.0000   9.1274212e-17
       4690.0000   9.2811360e-17
       4700.0000   9.4365548e-17
       4710.0000   9.5936830e-17
       4720.0000   9.7525257e-17
       4730.0000   9.9130880e-17
       4740.0000   1.0075375e-16
       4750.0000   1.0239391e-16
       4760.0000   1.0405141e-16
       4770.0000   1.0572630e-16
       4780.0000   1.0741861e-16
       4790.0000   1.0912839e-16
       4800.0000   1.1085568e-16
       4810.0000   1.1260052e-16
       4820.0000   1.1436294e-16
       4830.0000   1.1614299e-16
       4840.0000   1.1794069e-16
       4850.0000   1.1975608e-16
       4860.0000   1.2158920e-16
       4870.0000   1.2344006e-16
       4880.0000   1.2530870e-16
       4890.0000   1.2719515e-16
       4900.0000   1.2909943e-16
       4910.0000   1.3102157e-16
       4920.0000   1.3296159e-16
       4930.0000   1.3491950e-16
       4940.0000   1.3689533e-16
       4950.0000   1.3888910e-16
       4960.0000   1.4090083e-16
       4970.0000   1.4293052e-16
       4980.0000   1.4497819e-16
       4990.0000   1.4704386e-16
       5000.0000   1.4912753e-16
       5010.0000   1.5122922e-16
       5020.0000   1.5334892e-16
       5030.0000   1.5548665e-16
       5040.0000   1.5764242e-16
       5050.0000   1.5981622e-16
       5060.0000   1.6200805e-16
       5070.0000   1.6421792e-16
       5080.0000   1.6644582e-16
       5090.0000   1.6869176e-16
       5100.0000   1.7095572e-16
       5110.0000   1.7323770e-16
       5120.0000   1.7553770e-16
       5130.0000   1.7785571e-16
       5140.0000   1.8019171e-16
       5150.0000   1.8254569e-16
       5160.0000   1.8491764e-16
       5170.0000   1.8730755e-16
       5180.0000   1.8971540e-16
       5190.0000   1.9214117e-16
       5200.0000   1.9458484e-16
       5210.0000   1.9704640e-16
       5220.0000   1.9952582e-16
       5230.0000   2.0202307e-16
       5240.0000   2.0453814e-16
       5250.0000   2.0707100e-16
       5260.0000   2.0962162e-16
       5270.0000   2.1218998e-16
       5280.0000   2.1477603e-16
       5290.0000   2.1737976e-16
       5300.0000   2.2000112e-16
       5310.0000   2.2264009e-16
       5320.0000   2.2529663e-16
       5330.0000   2.2797070e-16
       5340.0000   2.3066226e-16
       5350.0000   2.3537563e-16
       5360.0000   2.3717318e-16
       5370.0000   2.3015855e-16
       5380.0000   2.4978885e-16
       5390.0000   2.7208111e-16
       5400.0000   2.8125050e-16
       5410.0000   2.7806127e-16
       5420.0000   2.8000687e-16
       5430.0000   2.9330513e-16
       5440.0000   2.8375147e-16
       5450.0000   2.1099600e-16
       5460.0000   1.5582346e-16
       5470.0000   1.6630116e-16
       5480.0000   1.6137914e-16
       5490.0000   1.5760826e-16
       5500.0000   1.2566346e-16
       5510.0000   9.6802450e-17
       5520.0000   8.6775326e-17
       5530.0000   7.9784208e-17
       5540.0000   7.8910215e-17
       5550.0000   8.9404090e-17
       5560.0000   1.1326784e-16
       5570.0000   2.0352951e-16
       5580.0000   2.3061224e-16
       5590.0000   1.8320108e-16
       5600.0000   1.8152595e-16
       5610.0000   1.8053764e-16
       5620.0000   1.7147625e-16
       5630.0000   1.6389562e-16
       5640.0000   1.7316140e-16
       5650.0000   1.9456621e-16
       5660.0000   1.9453922e-16
       5670.0000   1.9035992e-16
       5680.0000   2.0146887e-16
       5690.0000   2.1420296e-16
       5700.0000   2.3441619e-16
       5710.0000   2.4432049e-16
       5720.0000   2.3587118e-16
       5730.0000   2.2884414e-16
       5740.0000   2.3445868e-16
       5750.0000   2.4540880e-16
       5760.0000   2.3156455e-16
       5770.0000   2.1660901e-16
       5780.0000   2.4415424e-16
       5790.0000   2.7233091e-16
       5800.0000   2.8857123e-16
       5810.0000   2.6339660e-16
       5820.0000   2.3491230e-16
       5830.0000   2.3987758e-16
       5840.0000   2.3152550e-16
       5850.0000   1.9267052e-16
       5860.0000   1.5985182e-16
       5870.0000   1.5688155e-16
       5880.0000   1.6643801e-16
       5890.0000   1.5517889e-16
       5900.0000   1.5255138e-16
       5910.0000   1.4439051e-16
       5920.0000   1.4778596e-16
       5930.0000   1.5099357e-16
       5940.0000   1.6420823e-16
       5950.0000   1.6741577e-16
       5960.0000   1.6446928e-16
       5970.0000   1.7316014e-16
       5980.0000   1.7979849e-16
       5990.0000   1.8841229e-16
       6000.0000   1.9172656e-16
       6010.0000   1.9781711e-16
       6020.0000   2.0185876e-16
       6030.0000   2.0686332e-16
       6040.0000   2.1849246e-16
       6050.0000   2.3569647e-16
       6060.0000   2.4826104e-16
       6070.0000   2.5626645e-16
       6080.0000   2.5853868e-16
       6090.0000   2.5826891e-16
       6100.0000   2.5394178e-16
       6110.0000   2.4312599e-16
       6120.0000   2.2928224e-16
       6130.0000   2.1701912e-16
       6140.0000   2.1123048e-16
       6150.0000   1.9544737e-16
       6160.0000   1.7119754e-16
       6170.0000   1.5447439e-16
       6180.0000   1.4644505e-16
       6190.0000   1.4438316e-16
       6200.0000   1.4360298e-16
       6210.0000   1.4465927e-16
       6220.0000   1.4569045e-16
       6230.0000   1.4942542e-16
       6240.0000   1.4516453e-16
       6250.0000   1.4876493e-16
       6260.0000   1.5844323e-16
       6270.0000   1.7070368e-16
       6280.0000   1.9076517e-16
       6290.0000   2.1954382e-16
       6300.0000   2.3507422e-16
       6310.0000   2.6620148e-16
       6320.0000   2.7739578e-16
       6330.0000   3.0084943e-16
       6340.0000   3.2913902e-16
       6350.0000   3.3804941e-16
       6360.0000   3.4220798e-16
       6370.0000   3.4051419e-16
       6380.0000   3.3437004e-16
       6390.0000   3.3857405e-16
       6400.0000   3.5808026e-16
       6410.0000   3.6475968e-16
       6420.0000   3.5086733e-16
       6430.0000   3.5138167e-16
       6440.0000   3.6583560e-16
       6450.0000   3.7768555e-16
       6460.0000   3.9013761e-16
       6470.0000   4.1066217e-16
       6480.0000   4.1605552e-16
       6490.0000   4.3163888e-16
       6500.0000   4.9239104e-16
       6510.0000   5.6939237e-16
       6520.0000   6.6459159e-16
       6530.0000   7.7540945e-16
       6540.0000   7.9601790e-16
       6550.0000   8.3786431e-16
       6560.0000   8.3031747e-16
       6570.0000   7.6875278e-16
       6580.0000   5.6617510e-16
       6590.0000   5.4977897e-16
       6600.0000   5.5595231e-16
       6610.0000   5.5124724e-16
       6620.0000   5.2642986e-16
       6630.0000   4.8312175e-16
       6640.0000   4.6736369e-16
       6650.0000   4.3152520e-16
       6660.0000   4.2294223e-16
       6670.0000   4.3873666e-16
       6680.0000   4.2754102e-16
       6690.0000   4.0903200e-16
       6700.0000   4.3490932e-16
       6710.0000   4.2214372e-16
       6720.0000   4.0060972e-16
       6730.0000   3.9870644e-16
       6740.0000   4.1841367e-16
       6750.0000   4.3020802e-16
       6760.0000   4.5268776e-16
       6770.0000   4.9156039e-16
       6780.0000   4.7653670e-16
       6790.0000   4.5745202e-16
       6800.0000   4.7457406e-16
       6810.0000   4.9586034e-16
       6820.0000   5.1633130e-16
       6830.0000   5.3519132e-16
       6840.0000   5.4980174e-16
       6850.0000   5.3604718e-16
       6860.0000   5.3279066e-16
       6870.0000   5.6635293e-16
       6880.0000   5.9151633e-16
       6890.0000   6.0239192e-16
       6900.0000   6.3840715e-16
       6910.0000   6.5602640e-16
       6920.0000   7.1070414e-16
       6930.0000   7.5951526e-16
       6940.0000   8.9210729e-16
       6950.0000   9.5716743e-16
       6960.0000   1.0059083e-15
       6970.0000   1.0635362e-15
       6980.0000   1.1149172e-15
       6990.0000   1.1489462e-15
       7000.0000   1.1779871e-15
       7010.0000   1.2560847e-15
       7020.0000   1.3756349e-15
       7030.0000   1.5219011e-15
       7040.0000   1.6674951e-15
       7050.0000   1.3241090e-15
       7060.0000   9.4373868e-16
       7070.0000   7.0703921e-16
       7080.0000   7.1040699e-16
       7090.0000   6.3180765e-16
       7100.0000   5.7015944e-16
       7110.0000   6.5480578e-16
       7120.0000   6.3912519e-16
       7130.0000   5.6829322e-16
       7140.0000   5.0887180e-16
       7150.0000   5.4899455e-16
       7160.0000   5.8558060e-16
       7170.0000   6.2429613e-16
       7180.0000   7.0852324e-16
       7190.0000   7.4071652e-16
       7200.0000   7.4613524e-16
       7210.0000   7.6065875e-16
       7220.0000   8.5357800e-16
       7230.0000   9.5817071e-16
       7240.0000   1.0912304e-15
       7250.0000   1.2490375e-15
       7260.0000   1.3802267e-15
       7270.0000   1.4734541e-15
       7280.0000   1.5702363e-15
       7290.0000   1.7659793e-15
       7300.0000   2.0099789e-15
       7310.0000   2.2740532e-15
       7320.0000   2.4694489e-15
       7330.0000   2.6855747e-15
       7340.0000   2.7740081e-15
       7350.0000   2.8578138e-15
       7360.0000   2.9775443e-15
       7370.0000   3.0853627e-15
       7380.0000   3.1692636e-15
       7390.0000   3.1583828e-15
       7400.0000   3.1429266e-15
       7410.0000   3.0792439e-15
       7420.0000   3.0997938e-15
       7430.0000   3.0426687e-15
       7440.0000   3.0305234e-15
       7450.0000   2.9896506e-15
       7460.0000   3.0462368e-15
       7470.0000   3.1234264e-15
       7480.0000   3.2122498e-15
       7490.0000   3.3146535e-15
       7500.0000   3.4044659e-15
       7510.0000   3.5004539e-15
       7520.0000   3.5515371e-15
       7530.0000   3.6924530e-15
       7540.0000   3.8470970e-15
       7550.0000   4.0213033e-15
       7560.0000   4.0281873e-15
       7570.0000   4.1166961e-15
       7580.0000   3.6477515e-15
       7590.0000   3.0696803e-15
       7600.0000   2.5108515e-15
       7610.0000   2.6337242e-15
       7620.0000   2.4689850e-15
       7630.0000   2.1462220e-15
       7640.0000   1.7045678e-15
       7650.0000   1.4028085e-15
       7660.0000   1.0854082e-15
       7670.0000   9.6536759e-16
       7680.0000   1.0717030e-15
       7690.0000   1.0597961e-15
       7700.0000   1.0979857e-15
       7710.0000   1.2574369e-15
       7720.0000   1.6594123e-15
       7730.0000   1.9321564e-15
       7740.0000   1.9405117e-15
       7750.0000   1.8534861e-15
       7760.0000   1.8186804e-15
       7770.0000   1.9378655e-15
       7780.0000   2.0280402e-15
       7790.0000   2.0284084e-15
       7800.0000   2.2392936e-15
       7810.0000   2.4268390e-15
       7820.0000   2.4833928e-15
       7830.0000   2.4047239e-15
       7840.0000   2.4041577e-15
       7850.0000   2.5296045e-15
       7860.0000   2.5310190e-15
       7870.0000   2.5983459e-15
       7880.0000   2.7515117e-15
       7890.0000   2.8405326e-15
       7900.0000   2.7546272e-15
       7910.0000   2.5843719e-15
       7920.0000   2.6463436e-15
       7930.0000   2.6981940e-15
       7940.0000   2.7519854e-15
       7950.0000   2.7872951e-15
       7960.0000   2.9707367e-15
       7970.0000   3.0465820e-15
       7980.0000   3.0290378e-15
       7990.0000   3.0057507e-15
       8000.0000   3.2228668e-15
       8010.0000   3.5356189e-15
       8020.0000   3.8915891e-15
       8030.0000   4.1594313e-15
       8040.0000   4.4926502e-15
       8050.0000   4.8181321e-15
       8060.0000   5.1756127e-15
       8070.0000   5.5493104e-15
       8080.0000   5.8607288e-15
       8090.0000   6.1162397e-15
       8100.0000   6.3840369e-15
       8110.0000   6.6607386e-15
       8120.0000   7.0817179e-15
       8130.0000   7.3619318e-15
       8140.0000   7.5272493e-15
       8150.0000   7.5944033e-15
       8160.0000   7.7262122e-15
       8170.0000   7.2585600e-15
       8180.0000   6.6312471e-15
       8190.0000   5.9563022e-15
       8200.0000   6.0413354e-15
       8210.0000   6.4503702e-15
       8220.0000   7.1140485e-15
       8230.0000   7.5735616e-15
       8240.0000   7.7650769e-15
       8250.0000   7.7821186e-15
       8260.0000   7.6357356e-15
       8270.0000   7.4671088e-15
       8280.0000   7.1054388e-15
       8290.0000   6.6748114e-15
       8300.0000   6.3837901e-15
       8310.0000   6.5095583e-15
       8320.0000   6.6421153e-15
       8330.0000   6.7633987e-15
       8340.0000   6.6658018e-15
       8350.0000   6.6984639e-15
       8360.0000   6.7863193e-15
       8370.0000   6.7902583e-15
       8380.0000   6.5838821e-15
       8390.0000   6.5720986e-15
       8400.0000   6.7782337e-15
       8410.0000   6.9919962e-15
       8420.0000   6.7011253e-15
       8430.0000   5.9466779e-15
       8440.0000   4.9517726e-15
       8450.0000   4.0889638e-15
       8460.0000   3.7188326e-15
       8470.0000   3.7366267e-15
       8480.0000   4.0064365e-15
       8490.0000   4.2112898e-15
       8500.0000   4.2538664e-15
       8510.0000   4.0771540e-15
       8520.0000   4.1369374e-15
       8530.0000   4.3298127e-15
       8540.0000   4.8100553e-15
       8550.0000   5.0537887e-15
       8560.0000   5.2575450e-15
       8570.0000   5.3432506e-15
       8580.0000   5.4779226e-15
       8590.0000   5.6222643e-15
       8600.0000   5.7319488e-15
       8610.0000   5.7178467e-15
       8620.0000   5.6141754e-15
       8630.0000   5.5117779e-15
       8640.0000   5.5887352e-15
       8650.0000   5.7818548e-15
       8660.0000   5.9449554e-15
       8670.0000   6.1534045e-15
       8680.0000   5.9849722e-15
       8690.0000   5.8318286e-15
       8700.0000   5.5546123e-15
       8710.0000   5.5116474e-15
       8720.0000   5.7587997e-15
       8730.0000   6.0524629e-15
       8740.0000   6.4042579e-15
       8750.0000   6.6608276e-15
       8760.0000   7.1718350e-15
       8770.0000   7.4366915e-15
       8780.0000   7.7354261e-15
       8790.0000   7.7907820e-15
       8800.0000   8.0185012e-15
       8810.0000   8.1608178e-15
       8820.0000   8.5073667e-15
       8830.0000   8.8522546e-15
       8840.0000   8.9381533e-15
       8850.0000   8.5124536e-15
       8860.0000   7.5214779e-15
       8870.0000   6.9944377e-15
       8880.0000   6.7612178e-15
       8890.0000   7.1367501e-15
       8900.0000   7.4708092e-15
       8910.0000   7.7934126e-15
       8920.0000   8.2497914e-15
       8930.0000   8.0964005e-15
       8940.0000   8.0012151e-15
       8950.0000   7.9690295e-15
       8960.0000   8.2024948e-15
       8970.0000   8.6878948e-15
       8980.0000   8.9261189e-15
       8990.0000   9.3027552e-15
       9000.0000   9.4519733e-15
       9010.0000   9.1357704e-15
       9020.0000   9.2027766e-15
       9030.0000   9.2987334e-15
       9040.0000   9.5787305e-15
       9050.0000   9.7896355e-15
       9060.0000   9.6005901e-15
       9070.0000   9.6047349e-15
       9080.0000   9.8794812e-15
       9090.0000   1.0304610e-14
       9100.0000   1.0563045e-14
       9110.0000   1.0915257e-14
       9120.0000   1.1130988e-14
       9130.0000   1.1224595e-14
       9140.0000   1.1384870e-14
       9150.0000   1.1583418e-14
       9160.0000   1.1829258e-14
       9170.0000   1.2026440e-14
       9180.0000   1.2191377e-14
       9190.0000   1.3396160e-14
       9200.0000   1.2886181e-14
       9210.0000   1.2932438e-14
       9220.0000   1.2857619e-14
       9230.0000   1.2782800e-14
       9240.0000   1.2707981e-14
       9250.0000   1.2615227e-14
       9260.0000   1.2511667e-14
       9270.0000   1.2408107e-14
       9280.0000   1.2314146e-14
       9290.0000   1.2322282e-14
       9300.0000   1.2330419e-14
       9310.0000   1.2338555e-14
       9320.0000   1.2361446e-14
       9330.0000   1.2397370e-14
       9340.0000   1.2433294e-14
       9350.0000   1.2469218e-14
       9360.0000   1.2526315e-14
       9370.0000   1.2584317e-14
       9380.0000   1.2642319e-14
       9390.0000   1.2737381e-14
       9400.0000   1.2895537e-14
       9410.0000   1.3053694e-14
       9420.0000   1.3211851e-14
       9430.0000   1.3431711e-14
       9440.0000   1.3670635e-14
       9450.0000   1.3909560e-14
       9460.0000   1.4142423e-14
       9470.0000   1.4338664e-14
       9480.0000   1.4534906e-14
       9490.0000   1.4731147e-14
       9500.0000   1.4807959e-14
       9510.0000   1.4766778e-14
       9520.0000   1.4725597e-14
       9530.0000   1.4684416e-14
       9540.0000   1.4699012e-14
       9550.0000   1.4723526e-14
       9560.0000   1.4748041e-14
       9570.0000   1.4766169e-14
       9580.0000   1.4754810e-14
       9590.0000   1.4743451e-14
       9600.0000   1.4732092e-14
       9610.0000   1.4760233e-14
       9620.0000   1.4829320e-14
       9630.0000   1.4898407e-14
       9640.0000   1.4967493e-14
       9650.0000   1.5058619e-14
       9660.0000   1.5155674e-14
       9670.0000   1.5252729e-14
       9680.0000   1.5349586e-14
       9690.0000   1.5443816e-14
       9700.0000   1.5538045e-14
       9710.0000   1.5632274e-14
       9720.0000   1.5735808e-14
       9730.0000   1.5857725e-14
       9740.0000   1.5979642e-14
       9750.0000   1.6101560e-14
       9760.0000   1.6184203e-14
       9770.0000   1.6239216e-14
       9780.0000   1.6294229e-14
       9790.0000   1.6349242e-14
       9800.0000   1.6392974e-14
       9810.0000   1.6434280e-14
       9820.0000   1.6475587e-14
       9830.0000   1.6503197e-14
       9840.0000   1.6233516e-14
       9850.0000   1.5963836e-14
       9860.0000   1.5694155e-14
       9870.0000   1.5427105e-14
       9880.0000   1.5167904e-14
       9890.0000   1.4908703e-14
       9900.0000   1.4649502e-14
       9910.0000   1.4422595e-14
       9920.0000   1.4236298e-14
       9930.0000   1.4050000e-14
       9940.0000   1.3863703e-14
       9950.0000   1.3780202e-14
       9960.0000   1.3759439e-14
       9970.0000   1.3738676e-14
       9980.0000   1.3717914e-14
       9990.0000   1.3784619e-14
       10000.000   1.3875286e-14
       10010.000   1.3965954e-14
       10020.000   1.4056621e-14
       10030.000   1.4216719e-14
       10040.000   1.4382037e-14
       10050.000   1.4547354e-14
       10060.000   1.4713855e-14
       10070.000   1.4896062e-14
       10080.000   1.5078270e-14
       10090.000   1.5260478e-14
       10100.000   1.5439692e-14
       10110.000   1.5606146e-14
       10120.000   1.5772601e-14
       10130.000   1.5939056e-14
       10140.000   1.6075833e-14
       10150.000   1.6143360e-14
       10160.000   1.6210888e-14
       10170.000   1.6278416e-14
       10180.000   1.6303434e-14
       10190.000   1.6264663e-14
       10200.000   1.6225891e-14
       10210.000   1.6187120e-14
       10220.000   1.6162329e-14
       10230.000   1.6152685e-14
       10240.000   1.6143041e-14
       10250.000   1.6133397e-14
       10260.000   1.6138455e-14
       10270.000   1.6155541e-14
       10280.000   1.6172628e-14
       10290.000   1.6189714e-14
       10300.000   1.6290175e-14
       10310.000   1.6443927e-14
       10320.000   1.6597679e-14
       10330.000   1.6751432e-14
       10340.000   1.6919062e-14
       10350.000   1.7093840e-14
       10360.000   1.7268618e-14
       10370.000   1.7443396e-14
       10380.000   1.7610206e-14
       10390.000   1.7773438e-14
       10400.000   1.7936669e-14
       10410.000   1.8099901e-14
       10420.000   1.8145427e-14
       10430.000   1.8142868e-14
       10440.000   1.8140308e-14
       10450.000   1.8137749e-14
       10460.000   1.8064505e-14
       10470.000   1.7963774e-14
       10480.000   1.7863044e-14
       10490.000   1.7762314e-14
       10500.000   1.7595891e-14
       10510.000   1.7403912e-14
       10520.000   1.7211933e-14
       10530.000   1.7019953e-14
       10540.000   1.6901250e-14
       10550.000   1.6812481e-14
       10560.000   1.6723712e-14
       10570.000   1.6634943e-14
       10580.000   1.6645412e-14
       10590.000   1.6700456e-14
       10600.000   1.6755501e-14
       10610.000   1.6810546e-14
       10620.000   1.6945693e-14
       10630.000   1.7123973e-14
       10640.000   1.7302252e-14
       10650.000   1.7480532e-14
       10660.000   1.7671007e-14
       10670.000   1.7869281e-14
       10680.000   1.8067556e-14
       10690.000   1.8265830e-14
       10700.000   1.8444524e-14
       10710.000   1.8607200e-14
       10720.000   1.8769875e-14
       10730.000   1.8932550e-14
       10740.000   1.9105736e-14
       10750.000   1.9289866e-14
       10760.000   1.9473996e-14
       10770.000   1.9658126e-14
       10780.000   1.9838540e-14
       10790.000   2.0013609e-14
       10800.000   2.0188678e-14
       10810.000   2.0363747e-14
       10820.000   2.0567726e-14
       10830.000   2.0830406e-14
       10840.000   2.1093086e-14
       10850.000   2.1355766e-14
       10860.000   2.1579743e-14
       10870.000   2.1674135e-14
       10880.000   2.1768527e-14
       10890.000   2.1862919e-14
       10900.000   2.1947262e-14
       10910.000   2.1964344e-14
       10920.000   2.1981427e-14
       10930.000   2.1998510e-14
       10940.000   2.2014791e-14
       10950.000   2.1952244e-14
       10960.000   2.1889696e-14
       10970.000   2.1827148e-14
       10980.000   2.1764601e-14
       10990.000   2.1766923e-14
       11000.000   2.1777260e-14
       11010.000   2.1787597e-14
       11020.000   2.1797933e-14
       11030.000   2.1729447e-14
       11040.000   2.1636077e-14
       11050.000   2.1542706e-14
       11060.000   2.1449336e-14
       11070.000   2.1385710e-14
       11080.000   2.1340313e-14
       11090.000   2.1294916e-14
       11100.000   2.1249519e-14
       11110.000   2.1247589e-14
       11120.000   2.1294671e-14
       11130.000   2.1341752e-14
       11140.000   2.1388834e-14
       11150.000   2.1436929e-14
       11160.000   2.1487179e-14
       11170.000   2.1537430e-14
       11180.000   2.1587680e-14
       11190.000   2.1632146e-14
       11200.000   2.1643835e-14
       11210.000   2.1655523e-14
       11220.000   2.1667212e-14
       11230.000   2.1678901e-14
       11240.000   2.1697618e-14
       11250.000   2.1716478e-14
       11260.000   2.1735339e-14
       11270.000   2.1754199e-14
       11280.000   2.1548495e-14
       11290.000   2.1286649e-14
       11300.000   2.1024804e-14
       11310.000   2.0762958e-14
       11320.000   2.0513976e-14
       11330.000   2.0272877e-14
       11340.000   2.0031779e-14
       11350.000   1.9790680e-14
       11360.000   1.9638699e-14
       11370.000   1.9609776e-14
       11380.000   1.9580852e-14
       11390.000   1.9551929e-14
       11400.000   1.9563427e-14
       11410.000   1.9718302e-14
       11420.000   1.9873177e-14
       11430.000   2.0028053e-14
       11440.000   2.0186466e-14
       11450.000   2.0518053e-14
       11460.000   2.0849640e-14
       11470.000   2.1181228e-14
       11480.000   2.1512815e-14
       11490.000   2.1742208e-14
       11500.000   2.1946052e-14
       11510.000   2.2149897e-14
       11520.000   2.2353741e-14
       11530.000   2.2447409e-14
       11540.000   2.2461288e-14
       11550.000   2.2475167e-14
       11560.000   2.2489046e-14
       11570.000   2.2479648e-14
       11580.000   2.2428860e-14
       11590.000   2.2378072e-14
       11600.000   2.2327285e-14
       11610.000   2.2256187e-14
       11620.000   2.2049263e-14
       11630.000   2.1842339e-14
       11640.000   2.1635415e-14
       11650.000   2.1428491e-14
       11660.000   2.1278895e-14
       11670.000   2.1136382e-14
       11680.000   2.0993869e-14
       11690.000   2.0851356e-14
       11700.000   2.0671354e-14
       11710.000   2.0471165e-14
       11720.000   2.0270976e-14
       11730.000   2.0070787e-14
       11740.000   1.9962808e-14
       11750.000   1.9993144e-14
       11760.000   2.0023480e-14
       11770.000   2.0053816e-14
       11780.000   2.0077455e-14
       11790.000   2.0063152e-14
       11800.000   2.0048848e-14
       11810.000   2.0034544e-14
       11820.000   2.0020241e-14
       11830.000   2.0062874e-14
       11840.000   2.0112542e-14
       11850.000   2.0162209e-14
       11860.000   2.0211877e-14
       11870.000   2.0224016e-14
       11880.000   2.0214113e-14
       11890.000   2.0204210e-14
       11900.000   2.0194307e-14
       11910.000   2.0106467e-14
       11920.000   1.9880110e-14
       11930.000   1.9653753e-14
       11940.000   1.9427396e-14
       11950.000   1.9216098e-14
       11960.000   1.9157168e-14
       11970.000   1.9098239e-14
       11980.000   1.9039309e-14
       11990.000   1.8980380e-14
