#  ----------------------------------------------------------------------------------
# SpeX prism spectrum of Wolf 359 (J10562886+0700527)
# Originally observed on 2004 Mar 11
# Average resolution = 120
# Originally published in Burgasser et al. (2008) ApJ, 681, 579
#
# PLEASE CITE THE ORIGINAL DATA REFERENCE WHEN PUBLISHING OR PRESENTING THESE DATA
#
# Optical spectral type: M6 V
# J magnitude = 7.085
# H magnitude = 6.482
# Ks magnitude = 6.084
#
#  Wavelength (micron)   F_lambda (normalized)  Noise (normalized as F_lambda)
#  ----------------------------------------------------------------------------------
0.654429	0.123858	0.0214071
0.656627	0.0807972	0.0152988
0.658817	0.0893587	0.0130055
0.660998	0.0326893	0.00619421
0.663171	0.0557400	0.0125672
0.665339	0.0802066	0.00586657
0.667501	0.0691951	0.00877836
0.669658	0.0497757	0.0236260
0.671811	0.0575873	0.00508841
0.673962	0.0666392	0.00491339
0.676110	0.0603261	0.00332492
0.678258	0.0740321	0.00432037
0.680404	0.0551121	0.00178125
0.682552	0.0804245	0.0125149
0.684700	0.0698111	0.00631427
0.686849	0.0838881	0.0162042
0.689002	0.0774716	0.00675727
0.691157	0.108319	0.00990173
0.693317	0.0953493	0.0121578
0.695481	0.119711	0.00644911
0.697650	0.156985	0.00887531
0.699825	0.152923	0.00705724
0.702006	0.163353	0.00928271
0.704194	0.141991	0.0103419
0.706390	0.132860	0.0117061
0.708594	0.101161	0.00577029
0.710806	0.0930271	0.00723770
0.713028	0.0896996	0.00411045
0.715259	0.0840426	0.00312426
0.717501	0.0767057	0.00445674
0.719753	0.0792547	0.00321474
0.722016	0.102039	0.00475335
0.724291	0.130392	0.0117776
0.726578	0.157405	0.00413380
0.728877	0.196197	0.00406323
0.731189	0.225509	0.00877924
0.733515	0.267324	0.00539416
0.735854	0.306503	0.00950163
0.738207	0.318490	0.00352954
0.740574	0.328710	0.00630775
0.742956	0.339179	0.00977011
0.745353	0.352524	0.00312285
0.747765	0.375779	0.0106445
0.750192	0.390450	0.00736399
0.752636	0.406593	0.00819937
0.755096	0.395742	0.0114110
0.757572	0.392808	0.0174593
0.760065	0.344940	0.00943089
0.762575	0.256366	0.00971105
0.765101	0.188664	0.00323914
0.767646	0.165187	0.00362078
0.770208	0.169011	0.00669935
0.772787	0.189978	0.00370639
0.775385	0.209948	0.00607479
0.778001	0.232112	0.00399732
0.780635	0.238570	0.00582995
0.783287	0.260098	0.00277697
0.785958	0.266625	0.00377016
0.788648	0.287457	0.00790458
0.791356	0.292437	0.00252685
0.794084	0.325165	0.00427960
0.796831	0.337727	0.00495703
0.799597	0.373051	0.00817872
0.802382	0.425532	0.00633408
0.805186	0.482303	0.00578695
0.808010	0.532278	0.00817884
0.810853	0.581376	0.00847714
0.813716	0.596233	0.00583537
0.816599	0.585205	0.00841264
0.819501	0.585148	0.0114363
0.822423	0.590739	0.00708691
0.825364	0.600029	0.00635447
0.828326	0.597216	0.00636641
0.831307	0.577850	0.00958943
0.834307	0.563058	0.00590629
0.837327	0.558312	0.0112326
0.840368	0.519553	0.00683696
0.843427	0.464238	0.00601007
0.846507	0.428330	0.00882197
0.849606	0.399832	0.00552339
0.852724	0.420755	0.00552706
0.855862	0.441971	0.00498988
0.859020	0.469120	0.00339281
0.862197	0.487639	0.00490174
0.865394	0.488744	0.00280042
0.868609	0.499287	0.00530516
0.871844	0.530645	0.00803765
0.875099	0.560544	0.00806320
0.878372	0.609401	0.00670281
0.881664	0.620701	0.00400634
0.884975	0.619645	0.00767320
0.888305	0.610242	0.00702083
0.891654	0.620870	0.00980430
0.895021	0.655489	0.0107392
0.898407	0.680392	0.00749601
0.901811	0.695489	0.00604486
0.905233	0.731030	0.00983911
0.908674	0.756677	0.00994613
0.912132	0.804878	0.0103040
0.915608	0.827527	0.00503233
0.919102	0.830993	0.0100644
0.922614	0.797537	0.00323757
0.926143	0.790513	0.0110969
0.929689	0.788458	0.0157441
0.933253	0.793471	0.0105497
0.936833	0.798060	0.00993025
0.940430	0.806396	0.00582842
0.944044	0.832115	0.00479064
0.947675	0.860114	0.00933616
0.951322	0.859288	0.00299998
0.954985	0.853527	0.00383257
0.958664	0.860441	0.00606730
0.962359	0.869886	0.00566732
0.966069	0.883291	0.00515036
0.969795	0.892052	0.00841779
0.973536	0.897639	0.00834149
0.977293	0.906257	0.00870855
0.981064	0.906355	0.00581474
0.984850	0.885482	0.00829831
0.988651	0.845857	0.00969632
0.992466	0.808411	0.00746817
0.996295	0.797969	0.00643147
1.00014	0.817354	0.00528210
1.00400	0.817629	0.00423037
1.00787	0.840841	0.00616797
1.01175	0.867985	0.00604163
1.01565	0.888686	0.00498540
1.01956	0.876055	0.00510405
1.02348	0.878132	0.00373106
1.02742	0.872228	0.00439772
1.03136	0.887886	0.00507249
1.03532	0.901501	0.00544876
1.03930	0.926891	0.00666175
1.04328	0.939849	0.00626667
1.04727	0.937751	0.00469127
1.05128	0.934237	0.00697476
1.05530	0.932866	0.00510345
1.05933	0.928722	0.00419781
1.06337	0.940305	0.00311333
1.06742	0.951913	0.00708880
1.07148	0.957927	0.00419509
1.07555	0.979260	0.00721161
1.07963	0.991120	0.00840089
1.08372	1.00278	0.00686799
1.08782	1.02210	0.00839607
1.09193	0.999832	0.00434800
1.09605	0.998118	0.00591362
1.10017	1.00121	0.00915178
1.10431	1.00157	0.00995945
1.10845	0.991209	0.0115533
1.11260	0.991080	0.0117509
1.11676	0.995702	0.0101273
1.12093	0.999782	0.00960627
1.12511	0.996618	0.00519216
1.12929	0.987262	0.00386845
1.13348	0.947475	0.00679270
1.13767	0.920650	0.00487563
1.14188	0.927633	0.00815299
1.14609	0.957619	0.00694787
1.15030	0.997619	0.00631826
1.15453	1.00206	0.00432579
1.15876	0.995580	0.00603464
1.16299	0.979546	0.00635407
1.16723	0.962470	0.00433670
1.17147	0.949406	0.00630462
1.17573	0.934089	0.00379578
1.17998	0.937789	0.00483996
1.18424	0.938102	0.00461863
1.18850	0.945374	0.00519658
1.19277	0.923544	0.00815950
1.19705	0.911762	0.00544417
1.20132	0.903285	0.00394179
1.20560	0.912770	0.00433854
1.20989	0.926091	0.00340836
1.21418	0.939054	0.00529630
1.21847	0.943734	0.00342774
1.22276	0.956809	0.00346498
1.22706	0.947121	0.00376975
1.23136	0.946758	0.00704736
1.23566	0.917824	0.00829036
1.23996	0.904939	0.00447524
1.24427	0.887624	0.00378226
1.24858	0.887913	0.00292112
1.25289	0.900697	0.00507029
1.25720	0.915582	0.00464873
1.26151	0.927237	0.00520737
1.26583	0.940809	0.00506886
1.27014	0.939391	0.00291458
1.27446	0.952653	0.00263342
1.27877	0.939518	0.00196100
1.28309	0.927268	0.00507294
1.28741	0.927894	0.00356611
1.29173	0.935777	0.00263877
1.29604	0.932191	0.00589639
1.30036	0.934779	0.00385758
1.30468	0.929718	0.00496783
1.30900	0.924315	0.00365363
1.31331	0.917759	0.00467196
1.31763	0.925704	0.00439713
1.32195	0.921364	0.00467895
1.32626	0.910549	0.00477686
1.33057	0.875083	0.00328125
1.33489	0.832662	0.00422507
1.33920	0.799525	0.00557383
1.34351	0.795457	0.00393582
1.34781	0.785378	0.0112665
1.35212	0.796455	0.0140395
1.35642	0.791712	0.0173838
1.36072	0.795930	0.0104089
1.36502	0.794832	0.00594886
1.36932	0.793650	0.00337469
1.37362	0.775217	0.00888705
1.37791	0.775413	0.00438362
1.38220	0.779708	0.00384856
1.38648	0.761906	0.00491074
1.39077	0.759774	0.00139910
1.39505	0.747109	0.00320276
1.39932	0.721509	0.00538177
1.40360	0.719372	0.00160275
1.40787	0.711477	0.00111844
1.41214	0.699875	0.00287944
1.41640	0.689848	0.00192181
1.42066	0.686327	0.00204071
1.42492	0.676037	0.00142097
1.42917	0.673046	0.00190663
1.43342	0.668383	0.00244673
1.43766	0.674879	0.00155416
1.44190	0.671823	0.00291346
1.44614	0.675598	0.00239359
1.45037	0.667536	0.00132890
1.45459	0.668228	0.00173181
1.45882	0.662212	0.00197138
1.46303	0.662816	0.00162215
1.46725	0.655936	0.00183010
1.47145	0.652226	0.000370828
1.47566	0.642970	0.00167537
1.47986	0.647179	0.000929032
1.48405	0.641757	0.00195378
1.48824	0.649420	0.000976908
1.49242	0.649036	0.00171468
1.49660	0.651937	0.000506700
1.50077	0.648957	0.00182441
1.50494	0.651660	0.000964126
1.50910	0.647594	0.000395263
1.51326	0.646871	0.000612302
1.51741	0.647429	0.00131856
1.52155	0.652016	0.000434303
1.52569	0.654802	0.000920827
1.52983	0.662128	0.00133030
1.53395	0.656241	0.000728872
1.53808	0.659187	0.00129683
1.54219	0.657867	0.000602096
1.54630	0.658079	0.00119503
1.55041	0.660426	0.000914763
1.55451	0.660908	0.00162724
1.55860	0.658013	0.000926781
1.56268	0.659092	0.00128099
1.56677	0.657876	0.000410482
1.57084	0.659734	0.000609824
1.57491	0.658180	0.000365034
1.57897	0.658862	0.00116767
1.58302	0.655019	0.000955749
1.58707	0.648446	0.00117858
1.59112	0.649299	0.000248089
1.59515	0.655838	0.000529036
1.59918	0.654911	0.00163661
1.60321	0.656461	0.00120622
1.60723	0.649771	0.000901504
1.61124	0.645641	0.00196087
1.61524	0.642702	0.000364552
1.61924	0.643834	0.000844334
1.62323	0.639589	0.000625401
1.62722	0.637966	0.00140239
1.63120	0.638880	0.000779531
1.63517	0.642509	0.00161025
1.63913	0.644598	0.000890317
1.64309	0.647141	0.00164776
1.64705	0.651419	0.00194661
1.65099	0.653885	0.000594652
1.65493	0.649564	0.000515120
1.65887	0.647585	0.000759661
1.66279	0.643180	0.00100120
1.66671	0.640492	0.000551305
1.67062	0.641502	0.00163382
1.67453	0.636681	0.00140014
1.67843	0.636939	0.00120792
1.68233	0.639926	0.00127198
1.68621	0.640038	0.00316544
1.69009	0.634044	0.000478247
1.69397	0.626996	0.00102777
1.69783	0.626855	0.000935197
1.70170	0.623969	0.000807031
1.70555	0.622252	0.00141356
1.70940	0.612772	0.000508946
1.71324	0.606364	0.00101844
1.71707	0.595619	0.000634132
1.72090	0.590164	0.00102557
1.72472	0.584117	0.00143931
1.72854	0.580591	0.00108789
1.73235	0.576463	0.000774377
1.73615	0.567310	0.00147313
1.73995	0.559887	0.000373714
1.74374	0.558329	0.000609595
1.74752	0.548813	0.000926005
1.75130	0.539667	0.000616246
1.75507	0.529052	0.000783115
1.75883	0.522217	0.000392985
1.76259	0.516913	0.000470944
1.76634	0.512830	0.000596445
1.77009	0.502899	0.000551276
1.77383	0.495694	0.000408773
1.77756	0.489859	0.000771729
1.78129	0.486708	0.000969904
1.78501	0.480506	0.000516717
1.78872	0.473556	0.000817015
1.79243	0.469330	0.000989714
1.79613	0.466623	0.00116994
1.79983	0.464212	0.000905846
1.80352	0.462495	0.00130542
1.80720	0.458026	0.000916826
1.81088	0.458740	0.00132358
1.81455	0.454696	0.00179686
1.81822	0.457697	0.00227733
1.82188	0.457071	0.00270645
1.82554	0.459962	0.00185256
1.82918	0.472496	0.00216328
1.83283	0.465513	0.00494113
1.83646	0.456649	0.00457616
1.84010	0.450852	0.00275088
1.84372	0.433787	0.00178187
1.84734	0.435019	0.00240922
1.85096	0.427060	0.00283303
1.85456	0.416976	0.000854014
1.85817	0.410169	0.00125660
1.86176	0.405619	0.00402826
1.86535	0.413048	0.00356115
1.86894	0.411344	0.0159368
1.87252	0.404318	0.00704821
1.87610	0.399118	0.00702226
1.87967	0.394164	0.00429153
1.88323	0.405137	0.000626624
1.88679	0.403938	0.00136686
1.89034	0.411637	0.000457969
1.89389	0.408906	0.00382860
1.89743	0.410919	0.000756286
1.90097	0.414120	0.00341411
1.90450	0.419668	0.000712867
1.90803	0.414629	0.00144296
1.91155	0.420113	0.00329918
1.91507	0.413853	0.000851317
1.91858	0.407479	0.00450005
1.92208	0.404413	0.000575441
1.92558	0.392469	0.00103468
1.92908	0.384574	0.00110318
1.93257	0.383455	0.00132816
1.93606	0.383204	0.00129337
1.93954	0.374743	0.000570349
1.94301	0.359822	0.00106690
1.94648	0.347883	0.000640184
1.94995	0.340232	0.000253134
1.95341	0.354253	0.00176762
1.95687	0.363334	0.00146597
1.96032	0.370876	0.00184920
1.96376	0.371064	0.00311013
1.96720	0.369969	0.00288373
1.97064	0.358361	0.00115427
1.97407	0.339893	0.000938641
1.97750	0.326636	0.00110356
1.98092	0.323265	0.000686050
1.98434	0.325067	0.000626650
1.98775	0.331952	0.000622496
1.99116	0.332389	0.00146469
1.99456	0.339181	0.00103257
1.99796	0.343920	0.000694482
2.00135	0.346787	0.00141965
2.00474	0.350239	0.00124847
2.00813	0.345906	0.00166336
2.01151	0.343810	0.000717016
2.01488	0.340695	0.00145874
2.01825	0.338873	0.00168984
2.02162	0.340069	0.00302593
2.02498	0.338007	0.00255757
2.02834	0.337183	0.00165094
2.03169	0.336531	0.00133930
2.03504	0.337930	0.000473167
2.03838	0.335015	0.00113522
2.04172	0.334905	0.000438875
2.04505	0.332840	0.000887848
2.04838	0.333979	0.000768764
2.05171	0.333922	0.00158961
2.05503	0.335278	0.00136514
2.05834	0.335746	0.00176138
2.06166	0.334643	0.000756985
2.06496	0.334263	0.00127724
2.06826	0.331943	0.000916530
2.07156	0.331250	0.00139932
2.07486	0.331267	0.00162392
2.07814	0.332158	0.000524784
2.08143	0.330811	0.00108551
2.08471	0.329441	0.000861112
2.08798	0.330871	0.00125110
2.09125	0.331998	0.000639947
2.09452	0.333444	0.00130819
2.09778	0.331346	0.00127948
2.10104	0.332124	0.000970319
2.10429	0.332525	0.00181548
2.10754	0.333487	0.000487283
2.11078	0.331527	0.00128635
2.11402	0.332446	0.000639033
2.11726	0.332127	0.00111929
2.12049	0.332282	0.00138593
2.12371	0.332592	0.00150824
2.12693	0.334242	0.000592783
2.13015	0.332898	0.00147507
2.13336	0.332234	0.000763386
2.13657	0.333452	0.00159514
2.13977	0.332217	0.00150165
2.14297	0.333972	0.00102572
2.14616	0.333611	0.000962174
2.14935	0.333951	0.000845800
2.15253	0.331544	0.00114207
2.15571	0.331730	0.000838762
2.15888	0.328906	0.00183807
2.16205	0.329527	0.00133004
2.16522	0.332127	0.00136343
2.16838	0.332762	0.00169460
2.17153	0.330119	0.00124280
2.17468	0.329228	0.00196336
2.17783	0.328474	0.00161059
2.18097	0.328443	0.00149879
2.18411	0.330107	0.00126037
2.18724	0.329832	0.00164307
2.19036	0.330052	0.000843396
2.19348	0.326829	0.00170472
2.19660	0.331429	0.000759084
2.19971	0.327421	0.00160364
2.20282	0.319665	0.00208693
2.20592	0.308921	0.00139389
2.20902	0.307133	0.00103682
2.21211	0.312312	0.00110479
2.21520	0.321238	0.00129425
2.21828	0.327593	0.00146198
2.22136	0.327755	0.00132807
2.22443	0.329775	0.00213740
2.22749	0.327603	0.00134823
2.23056	0.326932	0.00115937
2.23361	0.324265	0.00138626
2.23666	0.324812	0.00130914
2.23971	0.324349	0.00115159
2.24275	0.323241	0.00141473
2.24579	0.322522	0.000819231
2.24882	0.323446	0.00191643
2.25185	0.324153	0.00146933
2.25487	0.323248	0.000882171
2.25788	0.323415	0.00150817
2.26089	0.316802	0.000895297
2.26390	0.313126	0.00153125
2.26690	0.312973	0.00108551
2.26989	0.314236	0.00159560
2.27288	0.314837	0.000752552
2.27587	0.315594	0.000750270
2.27885	0.315484	0.00170293
2.28182	0.314221	0.00151154
2.28479	0.314240	0.00177547
2.28775	0.312278	0.00172853
2.29071	0.305999	0.00165388
2.29367	0.293855	0.00135457
2.29661	0.278573	0.00190907
2.29956	0.278270	0.00118532
2.30250	0.282365	0.00122280
2.30543	0.286227	0.00185122
2.30836	0.285382	0.00228343
2.31128	0.287003	0.000694952
2.31420	0.282023	0.00142994
2.31711	0.281763	0.00137991
2.32001	0.274758	0.00175675
2.32292	0.265106	0.00143696
2.32581	0.258851	0.00150418
2.32871	0.255920	0.00167480
2.33159	0.259398	0.00187986
2.33447	0.258009	0.00160713
2.33735	0.254893	0.000670415
2.34022	0.255449	0.00145618
2.34309	0.258508	0.00142957
2.34595	0.260403	0.00154048
2.34881	0.261494	0.00201361
2.35167	0.252582	0.000453490
2.35451	0.243085	0.00153916
2.35736	0.241758	0.00176204
2.36020	0.244114	0.00167156
2.36303	0.247318	0.00122302
2.36586	0.247793	0.00127509
2.36869	0.251723	0.00108301
2.37151	0.249340	0.00170875
2.37433	0.251088	0.000727298
2.37714	0.249641	0.00193235
2.37995	0.244176	0.00146609
2.38275	0.235184	0.00105097
2.38555	0.231790	0.00152664
2.38835	0.229925	0.00156673
2.39114	0.230897	0.00213799
2.39393	0.231805	0.00194724
2.39672	0.232646	0.00128479
2.39950	0.231102	0.00159801
2.40228	0.228281	0.00190912
2.40506	0.225462	0.000958927
2.40783	0.222263	0.00156964
2.41060	0.220744	0.00195269
2.41337	0.214650	0.00142867
2.41613	0.213491	0.000738187
2.41890	0.210238	0.00152502
2.42165	0.211038	0.00133628
2.42441	0.210975	0.000972563
2.42717	0.211246	0.000725112
2.42992	0.207898	0.00111545
2.43267	0.205432	0.00121956
2.43542	0.204883	0.00101751
2.43817	0.201548	0.00103232
2.44092	0.200795	0.00128096
2.44366	0.198750	0.000527484
2.44641	0.196519	0.00127506
2.44915	0.194219	0.000634423
2.45190	0.190307	0.00136610
2.45464	0.191585	0.00202652
2.45738	0.188725	0.00115662
2.46013	0.187580	0.00102431
2.46287	0.185826	0.00173363
2.46562	0.189551	0.000769545
2.46836	0.185178	0.000949891
2.47111	0.182359	0.000838492
2.47386	0.181261	0.000935349
2.47661	0.178190	0.00141378
2.47936	0.176459	0.000644832
2.48212	0.174801	0.000747846
2.48487	0.176519	0.00108473
2.48763	0.175553	0.000712931
2.49040	0.171926	0.000977104
2.49316	0.173058	0.000617248
2.49593	0.174302	0.000703824
2.49871	0.171926	0.00120327
2.50149	0.167194	0.00102272
2.50427	0.164849	0.00126365
2.50706	0.165817	0.000938923
2.50986	0.168344	0.00187566
2.51266	0.167656	0.000764047
2.51547	0.161107	0.00214392
2.51828	0.164402	0.000983061
2.52111	0.162562	0.00169528
2.52394	0.163171	0.00151971
2.52677	0.163578	0.00108591
2.52962	0.164293	0.00204133
2.53248	0.166132	0.00226951
2.53534	0.165656	0.00322188
2.53822	0.166391	0.00463617
2.54110	0.166494	0.00339346
2.54400	0.161734	0.00148195
2.54691	0.158535	0.00479250
2.54983	0.165914	0.00582856
2.55276	0.160412	0.00111390
2.55571	0.162801	0.00364740
2.55867	0.158857	0.00511283
2.56165	0.157350	0.00206574
2.56464	0.172648	0.00552876
