#  ----------------------------------------------------------------------------------
# SpeX prism spectrum of LP 508-14 (J17361766+1346225)
# Originally observed on 2003 May 21
# Average resolution = 120
# Originally published in Burgasser et al. (2004) AJ, 127, 2856
#
# PLEASE CITE THE ORIGINAL DATA REFERENCE WHEN PUBLISHING OR PRESENTING THESE DATA
#
# Optical spectral type: M4 V
# J magnitude = 10.412
# H magnitude = 9.814
# Ks magnitude = 9.538
#
#  Wavelength (micron)   F_lambda (normalized)  Noise (normalized as F_lambda)
#  ----------------------------------------------------------------------------------
0.658305	0.292569	0.00673252
0.660488	0.261647	0.00731030
0.662663	0.263450	0.00653379
0.664832	0.257969	0.0145254
0.666995	0.248088	0.00670591
0.669153	0.236319	0.00236591
0.671308	0.243421	0.00444732
0.673459	0.252564	0.00379882
0.675608	0.251677	0.0100585
0.677755	0.248964	0.00411193
0.679902	0.260435	0.00313990
0.682049	0.263346	0.00527174
0.684197	0.259386	0.00732461
0.686346	0.277272	0.00626508
0.688498	0.295779	0.00271813
0.690652	0.332247	0.00340173
0.692811	0.362119	0.00445363
0.694974	0.399995	0.00995247
0.697142	0.437778	0.00963000
0.699315	0.467719	0.00347439
0.701495	0.480090	0.00569732
0.703681	0.466433	0.0159060
0.705875	0.435135	0.0120189
0.708077	0.373301	0.0166255
0.710287	0.324417	0.00718499
0.712507	0.305037	0.00414822
0.714736	0.294948	0.00514355
0.716975	0.308343	0.00440168
0.719225	0.337347	0.00447115
0.721485	0.371156	0.00473709
0.723758	0.416724	0.00374005
0.726042	0.459021	0.00340980
0.728338	0.516824	0.00324959
0.730647	0.565083	0.00436931
0.732969	0.610384	0.00133374
0.735305	0.655464	0.00903011
0.737655	0.691699	0.00507368
0.740018	0.719052	0.00418175
0.742397	0.740387	0.00761130
0.744790	0.757588	0.00332108
0.747199	0.774372	0.00247887
0.749623	0.793188	0.00571721
0.752063	0.804375	0.00232244
0.754519	0.803064	0.0106717
0.756991	0.790184	0.00973307
0.759480	0.757045	0.0165013
0.761986	0.680668	0.00733571
0.764508	0.602970	0.00457749
0.767049	0.560985	0.00373129
0.769606	0.555057	0.00408656
0.772182	0.562069	0.00385436
0.774775	0.573133	0.00260693
0.777387	0.586040	0.00285536
0.780016	0.596302	0.00174206
0.782664	0.622364	0.00388480
0.785331	0.645179	0.00285868
0.788016	0.664272	0.00287895
0.790721	0.675729	0.00116782
0.793444	0.717566	0.00161450
0.796186	0.738117	0.00239052
0.798947	0.767998	0.00144699
0.801728	0.806864	0.00323826
0.804528	0.846221	0.00239823
0.807347	0.876724	0.00313268
0.810186	0.906455	0.00264767
0.813045	0.904949	0.00186968
0.815922	0.898279	0.00520905
0.818820	0.889729	0.00681696
0.821737	0.896836	0.00818512
0.824674	0.908889	0.00566081
0.827631	0.913554	0.00609747
0.830607	0.900783	0.00320574
0.833603	0.881678	0.00487260
0.836619	0.870475	0.00531815
0.839654	0.854490	0.00362639
0.842709	0.812785	0.00494590
0.845784	0.784825	0.00444177
0.848879	0.765046	0.00260306
0.851993	0.760547	0.00296552
0.855126	0.775002	0.00357038
0.858279	0.796894	0.00321480
0.861452	0.807168	0.00685237
0.864644	0.815047	0.00485341
0.867855	0.825485	0.00233947
0.871085	0.846908	0.00505592
0.874335	0.859195	0.00420171
0.877604	0.886920	0.00267889
0.880892	0.904621	0.00481187
0.884198	0.885891	0.00301937
0.887524	0.879540	0.00435537
0.890868	0.872371	0.00285253
0.894231	0.896641	0.00314590
0.897613	0.911923	0.00419250
0.901012	0.914880	0.00372482
0.904430	0.931481	0.00550918
0.907867	0.943917	0.00520079
0.911321	0.981924	0.00532338
0.914793	1.00000	0.00372370
0.918283	0.996903	0.00410699
0.921790	0.977095	0.00180009
0.925315	0.951897	0.00128950
0.928858	0.936232	0.00409473
0.932417	0.936576	0.00174071
0.935994	0.937964	0.00603165
0.939587	0.935702	0.00116308
0.943197	0.946413	0.00134722
0.946824	0.964668	0.00423052
0.950467	0.962796	0.00513628
0.954126	0.946795	0.00401028
0.957801	0.937028	0.00368922
0.961492	0.948488	0.00338613
0.965199	0.963864	0.00494145
0.968922	0.964972	0.00632329
0.972659	0.961836	0.00479434
0.976412	0.956633	0.00361363
0.980180	0.952443	0.00231492
0.983963	0.949565	0.00276467
0.987760	0.933993	0.00327779
0.991572	0.926543	0.00275569
0.995397	0.926434	0.00129397
0.999237	0.933658	0.00144414
1.00309	0.915403	0.00234250
1.00696	0.919826	0.00408271
1.01084	0.922884	0.00144661
1.01473	0.935007	0.00162777
1.01864	0.934212	0.00375739
1.02256	0.930849	0.00254497
1.02649	0.932542	0.00341015
1.03044	0.924827	0.00159575
1.03440	0.928111	0.00341086
1.03836	0.925935	0.00237994
1.04235	0.939166	0.00221690
1.04634	0.939197	0.00369415
1.05034	0.934898	0.00326275
1.05436	0.927089	0.00261804
1.05838	0.927635	0.00343333
1.06242	0.924944	0.00333726
1.06647	0.928298	0.00296317
1.07053	0.921699	0.00326195
1.07459	0.925685	0.00252438
1.07867	0.922112	0.00333866
1.08276	0.931645	0.00358899
1.08686	0.932792	0.00249258
1.09096	0.907953	0.00324517
1.09508	0.892615	0.00234750
1.09921	0.893169	0.00209565
1.10334	0.901688	0.00299884
1.10748	0.894800	0.00214792
1.11163	0.894308	0.00260844
1.11579	0.891609	0.00274119
1.11995	0.885290	0.00234021
1.12413	0.879080	0.00121973
1.12831	0.874735	0.00373029
1.13250	0.851526	0.00229464
1.13669	0.835814	0.00201454
1.14089	0.833794	0.00383782
1.14510	0.840994	0.000907039
1.14932	0.860326	0.00105371
1.15354	0.864461	0.00193093
1.15777	0.859663	0.00202645
1.16200	0.852509	0.00163882
1.16624	0.849849	0.00111468
1.17048	0.840620	0.00152674
1.17473	0.833981	0.00130200
1.17898	0.827553	0.00155086
1.18324	0.826460	0.00204306
1.18751	0.826187	0.000603748
1.19177	0.816358	0.00203945
1.19605	0.812769	0.00212001
1.20032	0.812434	0.00221976
1.20460	0.813307	0.00360291
1.20889	0.811264	0.00164827
1.21317	0.812699	0.00268199
1.21746	0.809610	0.00308617
1.22176	0.815211	0.00179320
1.22605	0.808946	0.00158399
1.23035	0.798977	0.00343915
1.23465	0.796098	0.00159927
1.23896	0.782633	0.00119074
1.24326	0.777149	0.00162757
1.24757	0.777033	0.00184800
1.25188	0.777243	0.00197753
1.25619	0.774356	0.00248787
1.26050	0.774843	0.00163328
1.26482	0.772629	0.000978776
1.26913	0.771350	0.000861073
1.27345	0.780129	0.00265923
1.27776	0.765570	0.000748146
1.28208	0.747526	0.00149650
1.28640	0.750163	0.00297314
1.29072	0.755881	0.00227052
1.29503	0.754632	0.00113664
1.29935	0.753977	0.00111554
1.30367	0.748197	0.00469519
1.30799	0.738706	0.00180685
1.31230	0.734839	0.00368810
1.31662	0.734724	0.00147126
1.32094	0.735489	0.00105988
1.32525	0.732094	0.00163150
1.32956	0.719275	0.000938293
1.33388	0.702007	0.00186634
1.33819	0.689056	0.00192430
1.34250	0.679203	0.00558422
1.34681	0.673615	0.00731484
1.35111	0.668789	0.0108549
1.35542	0.656453	0.0126983
1.35972	0.652475	0.00624014
1.36402	0.644473	0.00172825
1.36831	0.643084	0.00642609
1.37261	0.639419	0.00189281
1.37690	0.638892	0.00145449
1.38119	0.637397	0.000898569
1.38548	0.637518	0.000275669
1.38976	0.626164	0.00228183
1.39405	0.624730	0.00167608
1.39832	0.612801	0.00161325
1.40260	0.613592	0.00133054
1.40687	0.610536	0.000820622
1.41114	0.605884	0.00124221
1.41540	0.601012	0.00119180
1.41966	0.597537	0.00193512
1.42392	0.596617	0.000539559
1.42817	0.594655	0.00122961
1.43242	0.591833	0.00125295
1.43667	0.588758	0.00102103
1.44091	0.592031	0.000842498
1.44514	0.587995	0.000722771
1.44938	0.587843	0.000851138
1.45360	0.585149	0.000434309
1.45783	0.579252	0.000573772
1.46205	0.576505	0.00112286
1.46626	0.570953	0.00159661
1.47047	0.563665	0.00108626
1.47467	0.566405	0.000693576
1.47887	0.564002	0.000386854
1.48307	0.560756	0.000605890
1.48726	0.559039	0.00191065
1.49144	0.567796	0.00105691
1.49562	0.563239	0.000756478
1.49979	0.557732	0.000636272
1.50396	0.555746	0.00160910
1.50813	0.552104	0.00108093
1.51228	0.554973	0.000268445
1.51644	0.556636	0.00106222
1.52058	0.554409	0.000412283
1.52472	0.555664	0.00151458
1.52886	0.550683	0.000906772
1.53299	0.548451	0.000391574
1.53711	0.548241	0.000545253
1.54123	0.547391	0.000285968
1.54534	0.544450	0.00127328
1.54945	0.546383	0.000234967
1.55355	0.543876	0.000489762
1.55764	0.540987	0.000707955
1.56173	0.541642	0.000818553
1.56581	0.540976	0.00106890
1.56989	0.534564	0.000537305
1.57396	0.534084	0.000708389
1.57802	0.535549	0.000893527
1.58208	0.533919	0.00139989
1.58613	0.530225	0.000893666
1.59017	0.529934	0.000692352
1.59421	0.532261	0.000412066
1.59824	0.534155	0.000730726
1.60227	0.529451	0.000917352
1.60629	0.527883	0.000508970
1.61030	0.519793	0.000409854
1.61431	0.516380	0.00101185
1.61830	0.517311	0.000634801
1.62230	0.511971	0.00156313
1.62629	0.514812	0.000609183
1.63027	0.516713	0.000641876
1.63424	0.516076	0.000341086
1.63821	0.513973	0.000689899
1.64217	0.509822	0.00139687
1.64612	0.513346	0.000335722
1.65007	0.514813	0.000990875
1.65401	0.511661	0.00118706
1.65795	0.509997	0.000391294
1.66187	0.505391	0.000254295
1.66579	0.499266	0.000869768
1.66971	0.496248	0.000116312
1.67362	0.492296	0.000216022
1.67752	0.489581	0.00126322
1.68141	0.492867	0.000987908
1.68530	0.493347	0.000726734
1.68919	0.489102	0.000970701
1.69306	0.485995	0.000774409
1.69693	0.486030	0.000508856
1.70079	0.482652	0.000233898
1.70465	0.474576	0.000470152
1.70850	0.467292	0.000731761
1.71234	0.461209	0.000788056
1.71618	0.457420	0.000915072
1.72001	0.458578	0.000767794
1.72383	0.454732	0.00158201
1.72765	0.449161	0.00125928
1.73146	0.445606	0.000445877
1.73526	0.440138	0.000317219
1.73906	0.438151	0.000825292
1.74285	0.435542	0.000348995
1.74664	0.432572	0.000871636
1.75041	0.425406	0.00192296
1.75419	0.416941	0.000641624
1.75795	0.410368	0.000166841
1.76171	0.411678	0.000260683
1.76547	0.406537	0.000360514
1.76921	0.400204	0.000525449
1.77295	0.395991	0.000580909
1.77669	0.392594	0.000939178
1.78042	0.391501	0.000710969
1.78414	0.389389	0.000862025
1.78785	0.381933	0.000426485
1.79156	0.376729	0.00306321
1.79527	0.377370	0.000885033
1.79897	0.372096	0.00280586
1.80266	0.367500	0.000930057
1.80634	0.362449	0.000254049
1.81002	0.364606	0.00103536
1.81370	0.359026	0.00248848
1.81736	0.352244	0.00191663
1.82103	0.351694	0.000535347
1.82468	0.346803	0.000752190
1.82833	0.349093	0.00258394
1.83198	0.339374	0.00430339
1.83561	0.333860	0.00173052
1.83925	0.329931	0.000945397
1.84287	0.322282	0.000837175
1.84649	0.322526	0.00112743
1.85011	0.319221	0.000911807
1.85372	0.311405	0.000747317
1.85732	0.313822	0.000573465
1.86092	0.313535	0.00110377
1.86451	0.311662	0.00209701
1.86810	0.310218	0.00635149
1.87168	0.310038	0.00228115
1.87526	0.307549	0.00652260
1.87883	0.305102	0.00611153
1.88240	0.309390	0.00329891
1.88596	0.312228	0.000509894
1.88951	0.310109	0.000825898
1.89306	0.307790	0.00199046
1.89660	0.308026	0.00180168
1.90014	0.312117	0.00206091
1.90368	0.305188	0.000928410
1.90720	0.304054	0.00202216
1.91073	0.300078	0.00195147
1.91424	0.302472	0.00157146
1.91776	0.297042	0.00157023
1.92126	0.301419	0.00123838
1.92477	0.291103	0.00121662
1.92826	0.286141	0.00182329
1.93175	0.282818	0.000703549
1.93524	0.284920	0.00137794
1.93872	0.287286	0.000467444
1.94220	0.275424	0.000417927
1.94567	0.267694	0.000665480
1.94914	0.263417	0.000441297
1.95260	0.271354	0.000738157
1.95606	0.281003	0.00109693
1.95951	0.284339	0.00149687
1.96296	0.285710	0.00245782
1.96640	0.283749	0.00186072
1.96984	0.274226	0.00166972
1.97327	0.262935	0.000938928
1.97670	0.252204	0.000688128
1.98012	0.248228	0.000572566
1.98354	0.251265	0.00112798
1.98695	0.254876	0.000451250
1.99036	0.255714	0.00123048
1.99377	0.260895	0.000904549
1.99717	0.261267	0.00249840
2.00056	0.265685	0.00407866
2.00395	0.268684	0.00134605
2.00734	0.265635	0.000423041
2.01072	0.261665	0.00106766
2.01409	0.263379	0.000954297
2.01747	0.262011	0.00196229
2.02083	0.261143	0.00196756
2.02419	0.258470	0.00106528
2.02755	0.258586	0.000655415
2.03091	0.258958	0.000660780
2.03425	0.261399	0.000490732
2.03760	0.259701	0.000716758
2.04094	0.258638	0.000357004
2.04427	0.256688	0.000278797
2.04760	0.254512	0.000823126
2.05093	0.254009	0.00145076
2.05425	0.253331	0.000261500
2.05757	0.251144	0.000939733
2.06088	0.247927	0.000340667
2.06419	0.248628	0.000737477
2.06749	0.248135	0.000895903
2.07079	0.246088	0.000678561
2.07409	0.245944	0.000617170
2.07738	0.246053	0.000367177
2.08066	0.245627	0.000475907
2.08394	0.244300	0.00117963
2.08722	0.244130	0.000107072
2.09049	0.243067	0.000896959
2.09376	0.243755	0.000445005
2.09702	0.241415	0.000377796
2.10028	0.240344	0.000741721
2.10353	0.240255	0.000492773
2.10678	0.238055	0.00128978
2.11002	0.238777	0.000254998
2.11327	0.237796	0.000875768
2.11650	0.235004	0.00101152
2.11973	0.236480	0.000907551
2.12296	0.237999	0.000789151
2.12618	0.237200	0.000682320
2.12940	0.235540	0.000488498
2.13261	0.235036	0.000811293
2.13582	0.234034	0.000480113
2.13902	0.233900	0.000693626
2.14222	0.234463	0.00107403
2.14541	0.233068	0.000605611
2.14860	0.234071	0.000585036
2.15179	0.232231	0.000554165
2.15497	0.232449	0.00108396
2.15814	0.232054	0.000970714
2.16131	0.230547	0.000363459
2.16448	0.229011	0.000237287
2.16764	0.228593	0.000314567
2.17079	0.227300	0.00107755
2.17395	0.225919	0.000922352
2.17709	0.226009	0.00108290
2.18024	0.226188	0.000465635
2.18337	0.226117	0.000525545
2.18650	0.225275	0.00139104
2.18963	0.223426	0.000292290
2.19275	0.225628	0.000900984
2.19587	0.225147	0.000804124
2.19898	0.224170	0.00118740
2.20209	0.215889	0.000915889
2.20520	0.209449	0.000478469
2.20829	0.207729	0.000400678
2.21139	0.210882	0.000714370
2.21447	0.217198	0.000638641
2.21756	0.220161	0.000616040
2.22064	0.219400	0.000642363
2.22371	0.219000	0.000957666
2.22678	0.218076	0.00112570
2.22984	0.217073	0.000945012
2.23290	0.216353	0.000934280
2.23595	0.215204	0.000464817
2.23900	0.216859	0.000790229
2.24204	0.215432	0.000711858
2.24508	0.214723	0.000421869
2.24811	0.215924	0.000740120
2.25114	0.214602	0.00117185
2.25416	0.214304	0.00117570
2.25718	0.211563	0.000609927
2.26019	0.207982	0.000597298
2.26319	0.203824	0.00105657
2.26620	0.204356	0.000691175
2.26919	0.205241	0.000631919
2.27218	0.208521	0.000614066
2.27517	0.206790	0.00113171
2.27815	0.207132	0.000692295
2.28113	0.205507	0.00117096
2.28410	0.204263	0.000758022
2.28706	0.203300	0.00114461
2.29002	0.200631	0.000497617
2.29297	0.192287	0.00103779
2.29592	0.188796	0.000414526
2.29887	0.187307	0.000577712
2.30181	0.190635	0.000518160
2.30474	0.192973	0.000793806
2.30767	0.191685	0.00134794
2.31059	0.192500	0.000435791
2.31351	0.191478	0.000391094
2.31643	0.189413	0.000982666
2.31933	0.184712	0.000818653
2.32224	0.179648	0.00111310
2.32514	0.177222	0.00104454
2.32803	0.175118	0.000936920
2.33092	0.178840	0.000797143
2.33380	0.175377	0.00104467
2.33668	0.172779	0.000730378
2.33955	0.174412	0.000315486
2.34242	0.175338	0.000769897
2.34528	0.178590	0.000514984
2.34814	0.177752	0.000693857
2.35100	0.171209	0.000911926
2.35385	0.167818	0.000267710
2.35669	0.166316	0.000697826
2.35953	0.168196	0.000830031
2.36237	0.169721	0.000509600
2.36520	0.170136	0.000373924
2.36803	0.169898	0.000827398
2.37085	0.169871	0.000262208
2.37367	0.170312	0.000485259
2.37648	0.164595	0.00157879
2.37929	0.166248	0.00126964
2.38210	0.162020	0.000875998
2.38490	0.157109	0.000594102
2.38770	0.157918	0.000215347
2.39049	0.158380	0.000339225
2.39328	0.159383	0.000828853
2.39607	0.157889	0.000867768
2.39885	0.157864	0.000468056
2.40163	0.156969	0.000707887
2.40441	0.156295	0.000618067
2.40718	0.155143	0.000721423
2.40995	0.152336	0.000764465
2.41272	0.150258	0.000241184
2.41549	0.147215	0.000707876
2.41825	0.145332	0.000847687
2.42101	0.147188	0.000814798
2.42377	0.146371	0.00115794
2.42652	0.146972	0.000324718
2.42928	0.146844	0.000964920
2.43203	0.145078	0.000282747
2.43478	0.143939	0.000915597
2.43753	0.142796	0.000534524
2.44027	0.142107	0.000266434
2.44302	0.140246	0.000982755
2.44577	0.136012	0.00122716
2.44851	0.135778	0.000622191
2.45125	0.132763	0.000859202
2.45400	0.135071	0.000593347
2.45674	0.135784	0.000855195
2.45948	0.132119	0.000243216
2.46223	0.132456	0.000600766
2.46497	0.131623	0.000722669
2.46772	0.133251	0.000448533
2.47047	0.129731	0.000492813
2.47321	0.128902	0.000803890
2.47596	0.129047	0.000392902
2.47872	0.127175	0.000650648
2.48147	0.126511	0.000254863
2.48423	0.125147	0.000273768
2.48699	0.124819	0.000829809
2.48975	0.124758	0.00102915
2.49251	0.123373	0.000146992
2.49528	0.123280	0.000519036
2.49806	0.121777	0.000594452
2.50084	0.121059	0.000360471
2.50362	0.119616	0.000661108
2.50641	0.119119	0.000544334
2.50920	0.119150	0.000761560
2.51200	0.117469	0.00107286
2.51481	0.113984	0.00121555
2.51762	0.113996	0.000656105
2.52044	0.114277	0.000445586
2.52327	0.114231	0.000812819
2.52611	0.113133	0.00122702
2.52895	0.110398	0.00207919
2.53181	0.111427	0.00162454
2.53467	0.108448	0.000410077
2.53754	0.110774	0.00128331
2.54043	0.111042	0.00122087
2.54332	0.109165	0.00248225
2.54623	0.101694	0.00353244
2.54915	0.106051	0.00278575
2.55208	0.0998073	0.00187688
2.55502	0.103156	0.00156903
2.55798	0.103455	0.00245225
2.56095	0.109589	0.00234139
