#  ----------------------------------------------------------------------------------
# SpeX prism spectrum of Gliese 866AB (J22383372-1517573)
# Originally observed on 2004 Jul 24
# Average resolution = 120
# Originally published in Burgasser et al. (2008) ApJ, 681, 579
#
# PLEASE CITE THE ORIGINAL DATA REFERENCE WHEN PUBLISHING OR PRESENTING THESE DATA
#
# Optical spectral type: M5 V
# J magnitude = 6.553
# H magnitude = 5.954
# Ks magnitude = 5.537
#
#  Wavelength (micron)   F_lambda (normalized)  Noise (normalized as F_lambda)
#  ----------------------------------------------------------------------------------
0.649185	0.199495	0.0103598
0.651410	0.174263	0.00466064
0.653623	0.162501	0.0142988
0.655825	0.139226	0.00312832
0.658018	0.111079	0.0138548
0.660202	0.0965829	0.0102517
0.662378	0.0899862	0.0264566
0.664548	0.0883693	0.0141114
0.666711	0.0745110	0.0137248
0.668870	0.0974566	0.0129570
0.671025	0.0977604	0.0121678
0.673176	0.0765374	0.0113551
0.675326	0.0754037	0.00698726
0.677473	0.0679165	0.00595642
0.679620	0.0915595	0.00363000
0.681767	0.0636308	0.0110651
0.683915	0.0813280	0.00768006
0.686064	0.0863450	0.00820939
0.688215	0.103966	0.00853046
0.690369	0.122387	0.00529520
0.692527	0.147506	0.00606520
0.694689	0.173917	0.00296184
0.696857	0.177450	0.00786167
0.699029	0.200248	0.00645083
0.701208	0.214113	0.00329277
0.703394	0.227133	0.00611420
0.705587	0.198659	0.00515341
0.707787	0.163322	0.00251537
0.709997	0.137620	0.00315479
0.712215	0.106957	0.00284131
0.714443	0.104649	0.00369454
0.716680	0.120365	0.00658640
0.718929	0.132025	0.00147207
0.721188	0.148565	0.00330749
0.723459	0.188057	0.000923144
0.725741	0.216048	0.00447315
0.728036	0.260331	0.00255247
0.730343	0.303209	0.00598242
0.732664	0.347244	0.00404314
0.734997	0.393342	0.00231038
0.737345	0.414977	0.00390596
0.739707	0.431708	0.00555685
0.742084	0.448438	0.00506658
0.744475	0.451587	0.00337513
0.746881	0.465739	0.00180664
0.749303	0.475747	0.00292660
0.751741	0.499229	0.00500899
0.754195	0.513000	0.00138317
0.756665	0.509092	0.00636605
0.759152	0.473187	0.00865966
0.761656	0.384983	0.00458921
0.764176	0.291334	0.00322031
0.766714	0.245917	0.00135641
0.769269	0.240561	0.00314318
0.771843	0.258025	0.000763345
0.774434	0.293243	0.00132910
0.777043	0.314325	0.00296348
0.779670	0.332358	0.00243154
0.782316	0.347527	0.00228772
0.784980	0.367336	0.00240729
0.787663	0.387643	0.00166702
0.790364	0.404522	0.00168945
0.793085	0.428291	0.00146812
0.795825	0.450411	0.00282047
0.798584	0.488265	0.000977421
0.801362	0.529151	0.00447181
0.804159	0.576518	0.00252725
0.806976	0.628891	0.00293917
0.809812	0.675824	0.00193863
0.812668	0.683644	0.00145244
0.815543	0.676468	0.00263213
0.818438	0.671199	0.00217141
0.821353	0.678261	0.00506691
0.824287	0.688493	0.00240480
0.827241	0.697296	0.00258362
0.830215	0.677794	0.00243383
0.833208	0.667870	0.00328586
0.836222	0.659311	0.00573552
0.839254	0.636875	0.00300765
0.842307	0.587534	0.00199015
0.845379	0.545983	0.00294152
0.848471	0.509260	0.00369101
0.851582	0.524961	0.00182203
0.854713	0.549839	0.00309435
0.857864	0.578630	0.00348232
0.861034	0.601701	0.00371600
0.864223	0.612973	0.00268240
0.867432	0.620027	0.00684854
0.870660	0.637452	0.00313348
0.873907	0.668167	0.00184158
0.877173	0.713681	0.00522514
0.880459	0.736002	0.00264134
0.883763	0.727565	0.00448952
0.887086	0.722615	0.00191460
0.890428	0.714730	0.00440396
0.893788	0.743372	0.00343590
0.897167	0.772606	0.00580784
0.900565	0.779840	0.00619186
0.903980	0.812484	0.00347356
0.907414	0.837285	0.00540386
0.910866	0.869389	0.00372400
0.914336	0.899253	0.00258723
0.917823	0.916719	0.00404825
0.921329	0.906950	0.00267134
0.924851	0.892208	0.00125786
0.928391	0.873765	0.00313944
0.931949	0.864938	0.00261172
0.935523	0.853608	0.00205994
0.939114	0.872477	0.00262151
0.942722	0.891497	0.00628546
0.946346	0.914810	0.00350627
0.949987	0.942523	0.00641409
0.953644	0.940833	0.00309368
0.957318	0.939549	0.00610046
0.961007	0.932536	0.00444391
0.964711	0.932853	0.00328211
0.968432	0.933596	0.00489413
0.972167	0.936034	0.00411558
0.975918	0.941702	0.00267512
0.979684	0.945525	0.00296461
0.983465	0.943087	0.00204512
0.987260	0.909652	0.00322838
0.991070	0.877248	0.00224081
0.994894	0.854241	0.00517815
0.998732	0.879052	0.00422574
1.00258	0.894039	0.00228233
1.00645	0.911299	0.00324813
1.01033	0.924822	0.00265951
1.01422	0.929553	0.00257152
1.01813	0.918386	0.00378917
1.02204	0.916278	0.00458920
1.02598	0.914968	0.00435403
1.02992	0.914150	0.00397735
1.03387	0.921229	0.00592941
1.03784	0.937417	0.00274240
1.04182	0.953647	0.00452200
1.04581	0.962635	0.00135136
1.04982	0.961025	0.00344236
1.05383	0.957141	0.00239702
1.05785	0.953820	0.00345873
1.06189	0.960298	0.00290879
1.06594	0.972774	0.00233841
1.06999	0.978335	0.00258578
1.07406	0.986751	0.00326516
1.07814	0.995698	0.00282108
1.08222	1.00614	0.00319455
1.08632	1.02173	0.00290342
1.09042	1.01661	0.00414817
1.09454	1.00282	0.00450380
1.09866	1.01034	0.00250888
1.10279	1.00037	0.00333423
1.10694	0.984517	0.00485903
1.11108	0.986179	0.00420190
1.11524	0.988843	0.00361342
1.11941	0.984046	0.00448367
1.12358	0.981526	0.00539553
1.12776	0.978709	0.00291840
1.13195	0.943188	0.00244350
1.13614	0.907867	0.000819242
1.14034	0.892923	0.00202747
1.14455	0.916522	0.00413108
1.14876	0.960923	0.00287801
1.15298	0.977573	0.00386957
1.15721	0.971018	0.00233150
1.16144	0.963797	0.00356471
1.16568	0.947089	0.00218203
1.16992	0.934653	0.00322497
1.17417	0.921454	0.00131085
1.17842	0.921407	0.00279069
1.18268	0.921908	0.00565108
1.18695	0.930481	0.00250533
1.19121	0.917837	0.00260559
1.19548	0.904882	0.00107612
1.19976	0.894114	0.00143829
1.20404	0.896650	0.00145282
1.20832	0.909351	0.00206634
1.21261	0.914723	0.00279118
1.21690	0.920144	0.00305876
1.22119	0.931137	0.00172845
1.22549	0.928668	0.00215238
1.22979	0.924042	0.00220360
1.23409	0.908799	0.00198625
1.23839	0.888962	0.00190047
1.24269	0.873150	0.00248098
1.24700	0.868060	0.00238030
1.25131	0.880582	0.00306235
1.25562	0.887755	0.00323499
1.25994	0.902107	0.00288106
1.26425	0.910513	0.000673233
1.26856	0.910102	0.00208638
1.27288	0.924769	0.000775754
1.27720	0.924127	0.00220180
1.28151	0.905257	0.00166847
1.28583	0.902594	0.00203414
1.29015	0.903542	0.00295144
1.29447	0.894712	0.00164080
1.29878	0.894372	0.00139146
1.30310	0.896232	0.00166612
1.30742	0.886222	0.000410048
1.31174	0.881828	0.000481100
1.31605	0.879094	0.00281139
1.32037	0.881723	0.00186916
1.32468	0.871079	0.000738975
1.32900	0.843913	0.00116233
1.33331	0.802474	0.00177502
1.33762	0.771761	0.00180632
1.34193	0.766890	0.00539579
1.34624	0.775365	0.00938058
1.35055	0.778025	0.00980789
1.35485	0.768159	0.00819683
1.35915	0.744216	0.00883913
1.36345	0.735530	0.00435174
1.36775	0.738031	0.0136930
1.37205	0.724705	0.00828945
1.37634	0.743669	0.00244409
1.38063	0.747224	0.00452016
1.38492	0.716766	0.00240564
1.38920	0.715144	0.00283150
1.39348	0.715490	0.00132266
1.39776	0.678417	0.00268385
1.40204	0.681058	0.00221604
1.40631	0.668964	0.00120624
1.41058	0.661690	0.00220411
1.41484	0.656665	0.00173891
1.41910	0.648980	0.00116713
1.42336	0.652312	0.000342297
1.42761	0.653252	0.000948761
1.43186	0.646489	0.00132398
1.43611	0.643526	0.000739360
1.44035	0.645767	0.00103592
1.44459	0.646597	0.000707276
1.44882	0.644940	0.00176066
1.45305	0.646456	0.00131870
1.45727	0.646639	0.00216841
1.46149	0.641437	0.00134952
1.46571	0.634484	0.00116167
1.46992	0.623005	0.000757796
1.47412	0.619790	0.00323439
1.47832	0.621213	0.000988387
1.48252	0.619872	0.00171290
1.48671	0.620093	0.000702539
1.49089	0.626312	0.00182117
1.49507	0.629826	0.000334176
1.49925	0.628072	0.00176863
1.50342	0.623957	0.00109703
1.50758	0.624724	0.000284634
1.51174	0.626079	0.00116326
1.51589	0.624512	0.000751792
1.52004	0.622173	0.000927403
1.52418	0.629658	0.000512844
1.52832	0.632506	0.000363615
1.53245	0.632706	0.000725522
1.53657	0.629122	0.000429766
1.54069	0.629707	0.000389090
1.54480	0.626912	0.000843506
1.54891	0.629779	0.000642000
1.55301	0.628724	0.000952242
1.55710	0.627783	0.00122524
1.56119	0.629460	0.000474157
1.56527	0.632107	0.000733046
1.56935	0.627211	0.00153733
1.57342	0.628289	0.00206087
1.57749	0.630362	0.000934027
1.58154	0.630724	0.00228914
1.58560	0.619643	0.00110751
1.58964	0.619654	0.000996518
1.59368	0.625585	0.00106540
1.59771	0.631243	0.00157365
1.60174	0.628455	0.00142009
1.60576	0.623494	0.00131097
1.60977	0.612928	0.00115993
1.61378	0.610727	9.13817e-05
1.61778	0.616419	0.000781203
1.62177	0.617446	0.000231196
1.62576	0.612621	0.000889544
1.62974	0.617486	0.000903853
1.63372	0.617833	0.00116707
1.63769	0.617354	0.000959564
1.64165	0.616716	0.00107376
1.64560	0.624102	0.000395025
1.64955	0.628725	0.00177232
1.65349	0.625434	0.000600335
1.65743	0.621515	0.000901966
1.66136	0.620361	0.000887517
1.66528	0.615441	0.00200463
1.66920	0.613212	0.000771671
1.67310	0.613571	0.00119342
1.67701	0.610237	0.00206083
1.68090	0.611983	0.00110210
1.68479	0.613913	0.00160713
1.68868	0.611576	0.00103077
1.69255	0.604629	0.00123054
1.69642	0.599585	0.00149890
1.70029	0.596613	0.00140621
1.70414	0.592226	0.000691636
1.70799	0.584011	0.000524469
1.71184	0.574452	0.000678595
1.71567	0.567458	0.000752529
1.71950	0.562152	0.000642707
1.72333	0.556574	0.00121180
1.72715	0.552916	0.00202051
1.73096	0.550114	0.00158382
1.73476	0.542899	0.00181297
1.73856	0.535797	0.00213886
1.74235	0.531740	0.00149032
1.74614	0.525895	0.00189289
1.74992	0.516100	0.00180736
1.75369	0.508129	0.00108576
1.75746	0.498566	0.00139864
1.76122	0.494150	0.00115698
1.76497	0.485720	0.00121166
1.76872	0.479749	0.00225880
1.77246	0.476275	0.00146842
1.77620	0.471266	0.00130436
1.77993	0.462457	0.00117041
1.78365	0.457776	0.00154355
1.78737	0.448279	0.00379772
1.79108	0.447825	0.00210472
1.79478	0.443786	0.00476522
1.79848	0.444812	0.00322054
1.80217	0.433678	0.00304636
1.80586	0.429753	0.00245988
1.80954	0.434561	0.00315199
1.81321	0.434231	0.00171822
1.81688	0.426027	0.00311414
1.82054	0.426884	0.00274509
1.82420	0.432800	0.00283365
1.82785	0.457960	0.00766682
1.83150	0.437980	0.0144904
1.83514	0.433247	0.0102476
1.83877	0.399636	0.00565825
1.84240	0.393853	0.00780116
1.84602	0.417188	0.00536815
1.84964	0.399721	0.00520330
1.85325	0.397923	0.00191154
1.85685	0.390436	0.00506742
1.86045	0.384018	0.00210639
1.86404	0.403613	0.00296914
1.86763	0.425394	0.0156297
1.87121	0.357471	0.0142681
1.87479	0.349060	0.0205014
1.87836	0.363239	0.0110003
1.88193	0.388142	0.00532458
1.88549	0.383009	0.00314558
1.88904	0.388683	0.00287398
1.89259	0.378511	0.00350024
1.89614	0.395752	0.00722822
1.89968	0.405622	0.0105410
1.90321	0.380017	0.00362400
1.90674	0.391656	0.00767549
1.91026	0.400259	0.00664983
1.91378	0.374392	0.00269723
1.91730	0.374867	0.00454293
1.92080	0.378073	0.00211743
1.92431	0.372023	0.00130527
1.92780	0.362840	0.000155066
1.93130	0.348200	0.000831004
1.93478	0.358066	0.000598103
1.93827	0.356259	0.000400585
1.94174	0.337233	0.000541782
1.94522	0.328387	0.000676679
1.94868	0.322164	0.000514216
1.95215	0.333050	0.00168518
1.95560	0.337938	0.000262234
1.95906	0.342078	0.00145160
1.96250	0.347990	0.000926929
1.96595	0.344624	0.000511761
1.96939	0.338211	0.000380374
1.97282	0.322000	0.000528548
1.97625	0.309297	0.000453451
1.97967	0.304253	0.000294490
1.98309	0.307302	0.000222354
1.98651	0.313173	0.000424325
1.98991	0.315197	0.000322558
1.99332	0.324105	0.000773376
1.99672	0.332342	0.00210586
2.00012	0.331270	0.00183018
2.00351	0.319830	0.000143312
2.00689	0.315174	0.000991549
2.01027	0.323057	0.000215605
2.01365	0.317525	0.00114245
2.01702	0.314639	0.000863874
2.02039	0.312766	0.00219894
2.02375	0.314173	0.00121788
2.02711	0.316758	0.000517759
2.03047	0.316032	0.000268882
2.03382	0.318260	0.000160134
2.03716	0.316515	0.000347217
2.04050	0.315976	0.00175289
2.04384	0.313746	0.00156770
2.04717	0.316218	0.000575089
2.05049	0.317538	0.000278020
2.05382	0.312272	0.000504911
2.05713	0.311872	0.000768595
2.06045	0.312987	0.000388217
2.06375	0.312952	0.000381854
2.06706	0.310139	0.000759155
2.07036	0.310111	0.00114365
2.07365	0.310522	0.000231215
2.07694	0.309101	0.000762438
2.08023	0.310828	4.23764e-05
2.08351	0.311464	0.000732939
2.08679	0.310886	0.000362841
2.09006	0.311872	0.000150673
2.09333	0.310094	0.000404722
2.09659	0.309859	5.95846e-05
2.09985	0.311553	0.000870954
2.10310	0.310588	0.000473178
2.10635	0.310066	0.000511935
2.10960	0.311444	0.000407423
2.11284	0.311466	0.000146404
2.11608	0.312452	0.000518602
2.11931	0.310000	0.000873364
2.12253	0.309715	0.000352776
2.12576	0.310722	0.000702352
2.12897	0.309981	0.000421078
2.13219	0.309460	0.000465819
2.13540	0.311250	0.000621044
2.13860	0.308964	0.000561426
2.14180	0.312191	0.000416397
2.14499	0.310657	0.000114703
2.14818	0.311549	0.000816839
2.15137	0.309758	0.000569421
2.15455	0.308397	0.00100136
2.15772	0.308378	0.000517000
2.16090	0.308537	0.000547494
2.16406	0.308650	0.000875981
2.16722	0.311478	0.000723358
2.17038	0.310295	0.000605894
2.17353	0.309013	0.000462608
2.17668	0.306612	0.000275164
2.17982	0.307035	0.000467280
2.18296	0.307305	0.000557408
2.18609	0.306508	0.000462872
2.18922	0.305269	0.000761709
2.19234	0.304425	0.000549778
2.19546	0.307013	0.000744031
2.19858	0.305355	0.000860639
2.20168	0.299570	0.000660206
2.20479	0.289726	0.00114498
2.20789	0.285039	0.000950860
2.21098	0.287453	0.000382637
2.21407	0.297672	0.000367096
2.21715	0.303310	0.000639093
2.22023	0.301213	0.000176107
2.22330	0.302516	0.000918218
2.22637	0.300667	0.000829869
2.22944	0.301338	0.00130922
2.23250	0.301066	0.000616497
2.23555	0.301948	0.00101842
2.23860	0.301607	0.000489487
2.24164	0.300971	0.000221957
2.24468	0.301386	0.000431696
2.24771	0.299529	0.000971650
2.25074	0.299548	0.000474462
2.25376	0.297861	0.000467236
2.25678	0.296547	0.000515470
2.25979	0.295252	0.000735781
2.26280	0.290109	0.000983239
2.26580	0.291453	0.000921823
2.26880	0.291770	0.000540101
2.27179	0.290181	0.000768858
2.27478	0.291797	0.000836681
2.27776	0.291562	0.000673761
2.28073	0.290492	0.00120132
2.28371	0.288510	0.000334631
2.28667	0.289426	0.000319530
2.28963	0.286803	0.000669889
2.29259	0.275179	0.000794274
2.29554	0.260248	0.000527419
2.29848	0.255222	0.000701216
2.30142	0.261851	0.000580733
2.30436	0.264970	0.000506569
2.30729	0.263447	0.000790844
2.31021	0.264411	0.000619557
2.31313	0.263342	0.000797517
2.31604	0.264336	0.00127500
2.31895	0.256609	0.000788655
2.32186	0.246865	0.000520339
2.32476	0.241137	0.000607913
2.32765	0.237796	0.000974497
2.33054	0.242363	0.000624652
2.33342	0.241540	0.000351349
2.33630	0.240395	0.000722351
2.33918	0.237314	0.000448508
2.34204	0.239336	0.000132537
2.34491	0.244511	0.000511399
2.34777	0.245828	0.00101125
2.35062	0.236286	0.000873767
2.35347	0.227773	0.000769666
2.35632	0.223084	0.000609949
2.35916	0.228053	0.000729894
2.36200	0.231038	0.000652219
2.36483	0.232467	8.98396e-05
2.36766	0.235299	0.000535106
2.37048	0.236006	0.000150776
2.37330	0.231691	0.00125060
2.37611	0.232192	0.000357538
2.37892	0.229541	0.000268086
2.38173	0.221191	0.000743993
2.38453	0.214139	0.000617550
2.38733	0.213264	0.00110584
2.39012	0.214500	0.00122962
2.39292	0.217421	0.000807116
2.39570	0.216647	0.000351091
2.39849	0.215854	0.00101944
2.40127	0.211361	0.000477671
2.40404	0.211172	0.000833262
2.40682	0.206260	0.000738679
2.40959	0.203296	0.000596832
2.41236	0.204190	0.000425128
2.41512	0.202721	0.00113995
2.41789	0.198706	0.000310719
2.42065	0.197723	0.00156205
2.42340	0.199268	0.00124536
2.42616	0.194264	0.000540559
2.42891	0.194356	0.000495393
2.43167	0.196685	0.000435135
2.43442	0.193433	0.00103687
2.43717	0.185606	0.00214391
2.43991	0.189426	0.000185718
2.44266	0.189964	0.000312459
2.44540	0.187434	0.00117479
2.44815	0.183039	0.000406090
2.45089	0.181880	0.00101188
2.45364	0.178011	0.00101363
2.45638	0.175353	0.00137165
2.45912	0.178266	0.00107337
2.46187	0.172483	0.000175521
2.46461	0.170767	0.000536489
2.46736	0.173441	0.000670138
2.47011	0.172779	0.000866762
2.47285	0.165167	0.000881559
2.47560	0.163459	0.00110395
2.47835	0.166592	0.00124282
2.48111	0.165674	0.00169978
2.48386	0.162986	0.000672119
2.48662	0.165144	0.000567760
2.48939	0.157738	0.00144252
2.49215	0.159238	0.000732787
2.49492	0.158497	0.00158165
2.49769	0.155105	0.00250214
2.50047	0.162181	0.000816643
2.50325	0.161715	0.000797083
2.50604	0.154896	0.00124262
2.50884	0.159081	0.000516992
2.51164	0.164523	0.00145221
2.51444	0.156269	0.00327520
2.51725	0.149252	0.00266131
2.52007	0.143756	0.00399571
2.52290	0.158020	0.00163614
2.52574	0.153168	0.00288715
2.52858	0.143897	0.00475232
2.53143	0.154070	0.00489605
2.53429	0.148815	0.00668499
2.53717	0.155039	0.00684110
2.54005	0.139821	0.00323665
2.54294	0.141284	0.00479905
2.54585	0.151109	0.00619028
2.54876	0.127468	0.00914169
2.55169	0.142121	0.00588455
2.55463	0.163323	0.00867286
2.55759	0.138007	0.0115484
