#  ----------------------------------------------------------------------------------
# SpeX prism spectrum of NLTT 57259 (J23343735-1646042)
# Originally observed on 2006 Dec 20
# Average resolution = 120
# Originally published in Kirkpatrick et al. (2010) ApJS, 190, 100
#
# PLEASE CITE THE ORIGINAL DATA REFERENCE WHEN PUBLISHING OR PRESENTING THESE DATA
#
# Near infrared spectral type: M3
# J magnitude = 15.778
# H magnitude = 15.292
# Ks magnitude = 14.951
#
#  Wavelength (micron)   F_lambda (normalized)  Noise (normalized as F_lambda)
#  ----------------------------------------------------------------------------------
0.651543	1.23075	0.302900
0.653755	1.91130	0.248461
0.655957	1.20296	0.222774
0.658149	1.25418	0.206452
0.660333	0.684407	0.196296
0.662508	0.803498	0.188541
0.664678	1.17927	0.191346
0.666841	0.628696	0.179800
0.669000	0.540547	0.180941
0.671154	0.318677	0.172105
0.673306	0.631096	0.159120
0.675455	0.278437	0.151764
0.677602	0.736898	0.154823
0.679749	0.570392	0.145561
0.681896	0.511310	0.142638
0.684044	0.381614	0.141948
0.686193	0.315899	0.143552
0.688344	0.723209	0.130811
0.690499	0.476254	0.136338
0.692657	0.729686	0.121682
0.694820	0.730400	0.119526
0.696987	0.979777	0.111174
0.699160	0.728478	0.112854
0.701339	0.793356	0.107327
0.703525	0.858875	0.105597
0.705719	0.815714	0.0983711
0.707920	0.832774	0.0969218
0.710130	0.837233	0.0949572
0.712349	1.22584	0.0948078
0.714577	0.904659	0.0913448
0.716815	1.00363	0.0898378
0.719064	1.02374	0.0869760
0.721324	0.834132	0.0986540
0.723595	0.822869	0.0913357
0.725878	0.920183	0.0949368
0.728174	0.924694	0.0824718
0.730482	0.732712	0.0786378
0.732803	0.862193	0.0775300
0.735138	0.803265	0.0771996
0.737487	0.888851	0.0724469
0.739850	1.14980	0.0717492
0.742227	0.958226	0.0683180
0.744619	0.905997	0.0711821
0.747027	0.868501	0.0653920
0.749449	0.927571	0.0630017
0.751888	1.05183	0.0588192
0.754343	0.907245	0.0616762
0.756814	0.962510	0.0670017
0.759302	0.990657	0.0716287
0.761807	1.08432	0.0716871
0.764328	0.883041	0.0716245
0.766867	0.875318	0.0603600
0.769424	0.791862	0.0547352
0.771998	0.842712	0.0513154
0.774590	0.851687	0.0512103
0.777200	0.929922	0.0503352
0.779828	0.947117	0.0506958
0.782475	0.908282	0.0486911
0.785141	0.881759	0.0497816
0.787825	1.03625	0.0471990
0.790527	1.02317	0.0471854
0.793249	0.980271	0.0491203
0.795990	0.914722	0.0458276
0.798750	0.974836	0.0445904
0.801529	0.993255	0.0450069
0.804328	1.09551	0.0427178
0.807146	1.10921	0.0427964
0.809983	1.00935	0.0411889
0.812840	1.05094	0.0408187
0.815717	0.932367	0.0397609
0.818613	1.06146	0.0417428
0.821529	0.869683	0.0400005
0.824464	1.11120	0.0399784
0.827419	1.06450	0.0389838
0.830394	1.02182	0.0394470
0.833389	0.993097	0.0387602
0.836403	0.933422	0.0391486
0.839437	0.900257	0.0370267
0.842491	1.03128	0.0366868
0.845564	0.969920	0.0350255
0.848657	0.862050	0.0345848
0.851770	0.980738	0.0324670
0.854902	0.983984	0.0317101
0.858054	1.02657	0.0311087
0.861225	1.03786	0.0315973
0.864416	0.981517	0.0313098
0.867626	0.925273	0.0312595
0.870855	0.921806	0.0305775
0.874103	0.887724	0.0302616
0.877370	0.950291	0.0308962
0.880657	0.960901	0.0313801
0.883962	0.958510	0.0309961
0.887286	1.01758	0.0311652
0.890629	1.05408	0.0299839
0.893991	0.976784	0.0307002
0.897371	0.973185	0.0296214
0.900770	0.908191	0.0287263
0.904186	0.930908	0.0270364
0.907621	1.00000	0.0274342
0.911074	0.930453	0.0255629
0.914545	0.989670	0.0255835
0.918034	0.967504	0.0252282
0.921540	0.933312	0.0245070
0.925064	0.938785	0.0253616
0.928605	0.938910	0.0280020
0.932163	1.00993	0.0308000
0.935738	0.984309	0.0321800
0.939330	0.919371	0.0317653
0.942939	0.943905	0.0338622
0.946565	1.02417	0.0300620
0.950207	1.01787	0.0304755
0.953865	1.02575	0.0264202
0.957539	0.948092	0.0245091
0.961229	0.937739	0.0228251
0.964935	0.960082	0.0228661
0.968656	0.932386	0.0220952
0.972393	0.975159	0.0218678
0.976144	0.938132	0.0222291
0.979911	0.922980	0.0215967
0.983693	0.992625	0.0213114
0.987489	0.942388	0.0216943
0.991300	0.927439	0.0225275
0.995125	0.943810	0.0225951
0.998963	0.927359	0.0223417
1.00282	0.891854	0.0208589
1.00668	0.896898	0.0199173
1.01056	0.941198	0.0201748
1.01446	0.928849	0.0209826
1.01836	0.930286	0.0211794
1.02228	0.921143	0.0217667
1.02621	0.927151	0.0215470
1.03016	0.925115	0.0208314
1.03411	0.962058	0.0213584
1.03808	0.950115	0.0205011
1.04206	0.886496	0.0204995
1.04605	0.926249	0.0194649
1.05006	0.951311	0.0177062
1.05407	0.962064	0.0163318
1.05810	0.909419	0.0149085
1.06213	0.957293	0.0144886
1.06618	0.947635	0.0159331
1.07024	0.905995	0.0169288
1.07430	0.936631	0.0176629
1.07838	0.890537	0.0190373
1.08247	0.889853	0.0190216
1.08657	0.960523	0.0194530
1.09067	0.864514	0.0189526
1.09479	0.885414	0.0180211
1.09891	0.866831	0.0180198
1.10304	0.881828	0.0175059
1.10718	0.865995	0.0162754
1.11133	0.912723	0.0156587
1.11549	0.905920	0.0155097
1.11966	0.908654	0.0155482
1.12383	0.895505	0.0169252
1.12801	0.855873	0.0191376
1.13220	0.868239	0.0189000
1.13639	0.848028	0.0197113
1.14059	0.855660	0.0200189
1.14480	0.883798	0.0191934
1.14902	0.843269	0.0197916
1.15324	0.852910	0.0186379
1.15746	0.860744	0.0177349
1.16170	0.789932	0.0168615
1.16593	0.838685	0.0152608
1.17018	0.825588	0.0137344
1.17443	0.808711	0.0125460
1.17868	0.811259	0.0116052
1.18294	0.770657	0.0109534
1.18720	0.813189	0.0105291
1.19147	0.809024	0.0116284
1.19574	0.770709	0.0135036
1.20002	0.819488	0.0142830
1.20430	0.825225	0.0152811
1.20858	0.779674	0.0158311
1.21287	0.791338	0.0148967
1.21716	0.786286	0.0156751
1.22145	0.734831	0.0151518
1.22575	0.780597	0.0150976
1.23004	0.799614	0.0150743
1.23434	0.753245	0.0140858
1.23865	0.789736	0.0127795
1.24295	0.789940	0.0121795
1.24726	0.749364	0.0124591
1.25157	0.758616	0.0140084
1.25588	0.784724	0.0181071
1.26019	0.723177	0.0235829
1.26451	0.724353	0.0319409
1.26882	0.745546	0.0352468
1.27314	0.759715	0.0371326
1.27746	0.714505	0.0321726
1.28177	0.693453	0.0259346
1.28609	0.700393	0.0217835
1.29041	0.701857	0.0177004
1.29473	0.719416	0.0160384
1.29904	0.721131	0.0150662
1.30336	0.722643	0.0147584
1.30768	0.703559	0.0151053
1.31200	0.704482	0.0142459
1.31631	0.724977	0.0134833
1.32063	0.713155	0.0124369
1.32494	0.715251	0.0115057
1.32926	0.674672	0.0109302
1.33357	0.666738	0.0100474
1.33788	0.652990	0.00989408
1.34219	0.666955	0.0101585
1.34650	0.653742	0.0119167
1.35080	0.725425	0.0150416
1.35511	0.753992	0.0217604
1.35941	0.784079	0.0332037
1.36371	0.681406	0.0443642
1.36801	0.601756	0.0405155
1.37230	0.679240	0.0326490
1.37660	0.667687	0.0332932
1.38089	0.698453	0.0322359
1.38517	0.562684	0.0314601
1.38946	0.596170	0.0299704
1.39374	0.635326	0.0291193
1.39802	0.643384	0.0329186
1.40229	0.594161	0.0329957
1.40657	0.581652	0.0328496
1.41083	0.510969	0.0335275
1.41510	0.503973	0.0293947
1.41936	0.560352	0.0243855
1.42362	0.552927	0.0204770
1.42787	0.555726	0.0175682
1.43212	0.604070	0.0188837
1.43636	0.561662	0.0182895
1.44061	0.594785	0.0170434
1.44484	0.538418	0.0171963
1.44908	0.543625	0.0218055
1.45330	0.598697	0.0204657
1.45753	0.538946	0.0210265
1.46175	0.543147	0.0194729
1.46596	0.549864	0.0198588
1.47017	0.538519	0.0183716
1.47437	0.553630	0.0193856
1.47857	0.530467	0.0197801
1.48277	0.541133	0.0204719
1.48696	0.524709	0.0198939
1.49114	0.515292	0.0177992
1.49532	0.521356	0.0154146
1.49950	0.522967	0.0175593
1.50367	0.518163	0.0211953
1.50783	0.499944	0.0210776
1.51199	0.518198	0.0198977
1.51614	0.526613	0.0153458
1.52029	0.534757	0.0168198
1.52443	0.497715	0.0183616
1.52856	0.471112	0.0204380
1.53269	0.541790	0.0193778
1.53682	0.490271	0.0190514
1.54094	0.547305	0.0179551
1.54505	0.539742	0.0159717
1.54915	0.497858	0.0164130
1.55326	0.485933	0.0157584
1.55735	0.508358	0.0167346
1.56144	0.477531	0.0177930
1.56552	0.474919	0.0170422
1.56960	0.499090	0.0161833
1.57367	0.511981	0.0151622
1.57773	0.506166	0.0192991
1.58179	0.466912	0.0225033
1.58584	0.522463	0.0221222
1.58988	0.454013	0.0194260
1.59392	0.478114	0.0145131
1.59795	0.498121	0.0151030
1.60198	0.468669	0.0179121
1.60600	0.492420	0.0188148
1.61001	0.504517	0.0200456
1.61402	0.506241	0.0178479
1.61802	0.502937	0.0183250
1.62201	0.496722	0.0167204
1.62600	0.466864	0.0156008
1.62998	0.482017	0.0153879
1.63396	0.498552	0.0143171
1.63792	0.505963	0.0146554
1.64189	0.477292	0.0153669
1.64584	0.492985	0.0157388
1.64979	0.483044	0.0158076
1.65373	0.452583	0.0139857
1.65767	0.484716	0.0115428
1.66159	0.463307	0.0109249
1.66552	0.496738	0.0179946
1.66943	0.493194	0.0200521
1.67334	0.492118	0.0192079
1.67724	0.453207	0.0149104
1.68114	0.459193	0.0105990
1.68503	0.459553	0.0126783
1.68891	0.494992	0.0152978
1.69279	0.474683	0.0160712
1.69665	0.450653	0.0178331
1.70052	0.424546	0.0162065
1.70437	0.465293	0.0160537
1.70822	0.426835	0.0159898
1.71207	0.439034	0.0143086
1.71590	0.416715	0.0138123
1.71973	0.403421	0.0140358
1.72356	0.419491	0.0124498
1.72738	0.408893	0.0129141
1.73119	0.397257	0.0130755
1.73499	0.397588	0.0133495
1.73879	0.410206	0.0141128
1.74258	0.391594	0.0144975
1.74637	0.415404	0.0134404
1.75015	0.381616	0.0119828
1.75392	0.383576	0.00957006
1.75768	0.373451	0.00977124
1.76144	0.358170	0.0147745
1.76520	0.368028	0.0172332
1.76895	0.406559	0.0175140
1.77269	0.366754	0.0145675
1.77642	0.348691	0.0101436
1.78015	0.375446	0.0101654
1.78387	0.360371	0.0138113
1.78759	0.344382	0.0150234
1.79130	0.336145	0.0150886
1.79500	0.313093	0.0172891
1.79870	0.362326	0.0180313
1.80239	0.326809	0.0204275
1.80608	0.306877	0.0217992
1.80976	0.318766	0.0209655
1.81343	0.344701	0.0213852
1.81710	0.372672	0.0225299
1.82076	0.317571	0.0201897
1.82442	0.322165	0.0229883
1.82807	0.372897	0.0264170
1.83172	0.368489	0.0341933
1.83535	0.441212	0.0431749
1.83899	0.327216	0.0472224
1.84261	0.312419	0.0494520
1.84624	0.367842	0.0430563
1.84985	0.361636	0.0445083
1.85346	0.323686	0.0466553
1.85707	0.348169	0.0390719
1.86067	0.333583	0.0310810
1.86426	0.288990	0.0304767
1.86785	0.329539	0.0403064
1.87143	0.377662	0.0697566
1.87501	0.226713	0.0550597
1.87858	0.187676	0.0346633
1.88214	0.253070	0.0224776
1.88570	0.317369	0.0201085
1.88926	0.255381	0.0199233
1.89281	0.340301	0.0211766
1.89635	0.357523	0.0248330
1.89989	0.349700	0.0293137
1.90342	0.304388	0.0344665
1.90695	0.289756	0.0319680
1.91048	0.292065	0.0281025
1.91399	0.276574	0.0250516
1.91751	0.284868	0.0248700
1.92101	0.245957	0.0263763
1.92452	0.279451	0.0266008
1.92801	0.301012	0.0241000
1.93151	0.256752	0.0208073
1.93499	0.286662	0.0167287
1.93848	0.276956	0.0148446
1.94195	0.246535	0.0126875
1.94542	0.282822	0.0113795
1.94889	0.239784	0.0129548
1.95235	0.289481	0.0156012
1.95581	0.249737	0.0181108
1.95926	0.253573	0.0184362
1.96271	0.247145	0.0170166
1.96615	0.251716	0.0159720
1.96959	0.218043	0.0145454
1.97303	0.265309	0.0143426
1.97645	0.247016	0.0129228
1.97988	0.217748	0.0116344
1.98330	0.241224	0.00959717
1.98671	0.252055	0.00829133
1.99012	0.247564	0.00786709
1.99352	0.260041	0.00898798
1.99692	0.250569	0.0152835
2.00032	0.271822	0.0225315
2.00371	0.241320	0.0276000
2.00710	0.223320	0.0236794
2.01048	0.262506	0.0163276
2.01385	0.214026	0.0144735
2.01723	0.210460	0.0134567
2.02059	0.215727	0.0121591
2.02396	0.228148	0.0135334
2.02731	0.217255	0.0127726
2.03067	0.245348	0.0129620
2.03402	0.231509	0.0115713
2.03736	0.219874	0.0127281
2.04070	0.231837	0.0128076
2.04404	0.244088	0.0125826
2.04737	0.220493	0.0117103
2.05069	0.239399	0.0119490
2.05402	0.231689	0.0149737
2.05733	0.210966	0.0142568
2.06065	0.234137	0.0129457
2.06395	0.232997	0.00926918
2.06726	0.218759	0.00932413
2.07056	0.210839	0.0111358
2.07385	0.210021	0.0107196
2.07714	0.219785	0.00987955
2.08043	0.229617	0.00808862
2.08371	0.215669	0.00823912
2.08698	0.211217	0.00917441
2.09026	0.237819	0.00892612
2.09352	0.219032	0.00808261
2.09679	0.229867	0.00732302
2.10005	0.229316	0.00686002
2.10330	0.233346	0.00779185
2.10655	0.231462	0.00890144
2.10979	0.216643	0.00945218
2.11303	0.219374	0.00963449
2.11627	0.211843	0.00951445
2.11950	0.181693	0.00930351
2.12273	0.219228	0.00969299
2.12595	0.222655	0.00908252
2.12917	0.203225	0.00895593
2.13238	0.224674	0.00795082
2.13559	0.206352	0.00744287
2.13879	0.233436	0.00694365
2.14199	0.215182	0.00645231
2.14519	0.225343	0.00738094
2.14837	0.207949	0.0104119
2.15156	0.215840	0.0119416
2.15474	0.222177	0.0121255
2.15792	0.219593	0.0102551
2.16109	0.206992	0.00816802
2.16425	0.213676	0.00734997
2.16741	0.210542	0.00759669
2.17057	0.212995	0.00785891
2.17372	0.203176	0.00799229
2.17687	0.182997	0.00939755
2.18001	0.208681	0.00996090
2.18315	0.220780	0.0103214
2.18628	0.203985	0.00986060
2.18941	0.194389	0.00901487
2.19253	0.209201	0.0102124
2.19565	0.209895	0.0107496
2.19876	0.206228	0.0108223
2.20187	0.199127	0.0104942
2.20497	0.210931	0.00927347
2.20807	0.207806	0.00956928
2.21117	0.199285	0.0106453
2.21425	0.183615	0.0102366
2.21734	0.212453	0.0100710
2.22042	0.211592	0.00873531
2.22349	0.203776	0.00863541
2.22656	0.201507	0.00939781
2.22962	0.192951	0.0100889
2.23268	0.199016	0.0100101
2.23573	0.188846	0.00979478
2.23878	0.214747	0.00878750
2.24182	0.193477	0.00821234
2.24486	0.196441	0.00842441
2.24789	0.204469	0.00886265
2.25092	0.192739	0.00935063
2.25394	0.203365	0.00914933
2.25696	0.202843	0.00893880
2.25997	0.189164	0.00852470
2.26298	0.195540	0.00847512
2.26598	0.189001	0.00872762
2.26898	0.209592	0.00897707
2.27197	0.193861	0.00920386
2.27496	0.199020	0.00921727
2.27794	0.196720	0.00905423
2.28091	0.197508	0.00882625
2.28388	0.178687	0.00868095
2.28685	0.179851	0.00871018
2.28981	0.193098	0.00891072
2.29276	0.216588	0.00914055
2.29571	0.196619	0.00945358
2.29866	0.175624	0.00965096
2.30160	0.204429	0.00985148
2.30453	0.187559	0.00950765
2.30746	0.192686	0.00923135
2.31039	0.176075	0.00905727
2.31330	0.188524	0.00913992
2.31622	0.191101	0.00975188
2.31913	0.185797	0.0102493
2.32203	0.153862	0.0104102
2.32493	0.165695	0.0100239
2.32782	0.157516	0.00977739
2.33071	0.168908	0.00977941
2.33360	0.166063	0.00991723
2.33647	0.161595	0.0101809
2.33935	0.175172	0.0105656
2.34222	0.176205	0.0108840
2.34508	0.179855	0.0112513
2.34794	0.169605	0.0117709
2.35079	0.194157	0.0123231
2.35364	0.169292	0.0125352
2.35649	0.168470	0.0125337
2.35933	0.167193	0.0115390
2.36217	0.180657	0.0112574
2.36500	0.166941	0.0114414
2.36783	0.176711	0.0129234
2.37065	0.161062	0.0141214
2.37347	0.173632	0.0142306
2.37628	0.183414	0.0140212
2.37909	0.179350	0.0134043
2.38190	0.171090	0.0139536
2.38470	0.175835	0.0143636
2.38750	0.161133	0.0145133
2.39029	0.197320	0.0142502
2.39308	0.152500	0.0142085
2.39587	0.151567	0.0143861
2.39865	0.144886	0.0150680
2.40143	0.193537	0.0153985
2.40421	0.130546	0.0154748
2.40699	0.154646	0.0158323
2.40976	0.142198	0.0160950
2.41252	0.152856	0.0172544
2.41529	0.147030	0.0192801
2.41805	0.137811	0.0199585
2.42081	0.135234	0.0188277
2.42357	0.133779	0.0168426
2.42633	0.126432	0.0149942
2.42908	0.137498	0.0153241
2.43183	0.112388	0.0186425
2.43458	0.163188	0.0213400
2.43733	0.145731	0.0210967
2.44008	0.133180	0.0182367
2.44282	0.125430	0.0185092
2.44557	0.141642	0.0226790
2.44831	0.141926	0.0268929
2.45106	0.116115	0.0264065
2.45380	0.130151	0.0225256
2.45655	0.0875049	0.0188184
2.45929	0.109743	0.0186542
2.46203	0.182297	0.0197928
2.46478	0.119998	0.0211789
2.46752	0.137631	0.0232113
2.47027	0.126336	0.0259381
2.47302	0.132354	0.0277778
2.47577	0.125220	0.0288389
2.47852	0.0797482	0.0311608
2.48127	0.0506792	0.0392639
2.48403	0.0872953	0.0426392
2.48679	0.0805047	0.0456041
2.48955	0.0947884	0.0446846
2.49232	0.00156113	0.0467375
2.49509	0.0805950	0.0423437
2.49786	0.142353	0.0370174
2.50064	0.117906	0.0357125
2.50342	0.100853	0.0404424
2.50621	0.0931787	0.0457648
2.50900	0.0607944	0.0511876
2.51180	0.122010	0.0571328
2.51461	0.00377838	0.0775079
2.51742	0.0425175	0.0869719
2.52024	0.0527407	0.0800597
2.52307	-0.0149842	0.0755245
2.52591	0.143429	0.0860130
2.52875	0.108929	0.129152
2.53160	0.0950299	0.183650
2.53447	-0.0362143	0.244746
2.53734	-0.141039	0.244564
2.54022	0.0462449	0.199030
2.54312	0.284630	0.236993
2.54602	-0.239833	0.328079
2.54894	0.706582	0.567431
2.55187	0.820329	0.681818
2.55481	0.240696	0.484497
2.55777	-0.0135530	0.276265
2.56074	0.291383	0.225804
2.56372	0.126876	0.280606
